501 20
1 0.31780 -0.12751 -0.29074 -0.75574 -0.35852 0.36129 -0.00038 -0.11298 0.01070 -0.24188 0.19386 -0.28658 -0.18680 -0.15154 0.14334 -0.01353 -0.10434 -0.48381 0.52293 -0.00234
2 -0.36347 0.42187 0.14639 0.52952 -0.33573 0.14277 0.71778 0.64129 -0.11836 -0.33986 0.22489 0.35589 -0.03302 0.68026 0.02113 -0.20921 0.10804 0.16881 0.07504 0.00473
3 -0.36014 0.11700 0.55211 -0.03633 0.21614 -0.33924 -0.23464 -0.70669 -0.19305 -0.01976 -0.59411 -0.09029 -0.22503 0.17931 -0.53415 -0.17887 0.77752 -0.43289 0.04875 0.13741
4 -0.24122 -0.35395 -0.32972 -0.40435 -0.13616 0.13063 -0.43296 0.15116 0.24668 0.17371 -0.55996 0.31489 0.14021 -0.63543 -0.16217 -0.08478 0.16105 0.12198 0.25981 -0.28145
5 -0.18937 0.43164 -0.11214 0.48842 -0.14066 0.10796 0.92503 0.69657 -0.13799 -0.54566 0.09635 0.33491 0.40086 0.65378 -0.08230 -0.06836 0.19776 -0.08187 0.12132 0.02404
6 -0.13351 0.22481 -0.18377 0.35304 0.01897 0.13393 0.95749 0.59806 -0.25724 -0.54072 0.02351 0.29105 0.45310 0.47325 -0.04154 -0.04842 0.27952 -0.08635 0.13730 -0.00329
7 -0.29134 0.30899 0.54542 -0.21373 0.01175 -0.27306 -0.37972 -0.09570 -0.13984 0.11017 -0.33140 0.23210 -0.13619 0.09313 -0.61917 -0.29066 0.49059 -0.10842 0.10683 0.10266
8 -0.32583 0.07044 0.06938 0.60198 -0.20381 0.02950 0.82909 0.79556 -0.27320 -0.35957 0.13824 0.52210 -0.00947 0.61653 0.03471 -0.19919 0.24920 0.09366 0.16289 0.02011
9 -0.27465 0.08906 0.40670 -0.01613 0.24857 -0.32728 -0.26439 -0.75073 -0.20120 -0.02324 -0.73884 -0.16389 -0.24911 0.10548 -0.52863 -0.14953 0.74836 -0.30785 0.08033 0.17539
10 -0.29530 0.28994 0.77592 -0.23328 0.07881 -0.33927 -0.46352 -0.05861 -0.24733 0.05414 -0.37221 0.22706 -0.13285 0.17418 -0.80927 -0.32631 0.59735 -0.12484 0.13626 0.01965
11 -0.14952 0.20077 -0.07230 0.42317 0.03915 0.11889 1.00659 0.64151 -0.39891 -0.48082 0.00228 0.16056 0.44836 0.53854 0.08255 -0.18421 0.32518 -0.12557 0.01425 0.08905
12 -0.17738 0.04344 -0.09947 0.16303 0.09098 0.15470 0.99388 0.63678 -0.42058 -0.59428 0.12731 0.30494 0.47248 0.58051 0.04852 -0.15757 0.38085 0.07872 0.10723 -0.04184
13 -0.35497 -0.50479 -0.42671 -0.57776 -0.08462 0.19201 -0.45661 0.24735 0.39577 0.10962 -0.46910 0.33403 0.33766 -0.56657 -0.29635 -0.13056 0.19845 0.00578 0.34192 -0.17307
14 -0.28039 0.21543 0.50388 -0.05770 0.13671 -0.34163 -0.29058 -0.39950 -0.23005 0.06124 -0.56457 0.03641 -0.29039 0.10627 -0.58426 -0.10733 0.80660 -0.26145 0.12306 0.17998
15 0.62656 0.03056 -0.35032 -0.64317 0.38387 0.41248 -0.31169 0.65111 -0.38163 0.05233 -0.15649 -0.10748 0.31556 0.46144 0.16356 0.50588 0.28613 -0.06497 0.19847 -0.05134
16 -0.59358 0.38547 0.97826 0.06638 -0.26302 -0.36509 -0.40481 0.18786 -0.02996 0.08517 0.01177 0.14873 -0.55988 0.56251 -0.65031 -0.43855 0.29208 0.05796 0.17128 0.01299
17 -0.15180 -0.34232 -0.29708 -0.42661 -0.21150 0.14123 -0.48509 -0.06466 0.40930 0.22829 -0.67034 0.30702 0.31920 -0.78710 -0.01223 -0.15209 0.26709 0.00756 0.28103 -0.22061
18 -0.46272 0.43457 0.19432 0.45574 -0.14308 0.15361 0.82834 0.70701 -0.25252 -0.46492 0.27606 0.20221 0.15540 0.76329 0.06700 -0.22186 0.03742 0.14952 0.01243 -0.00103
19 0.07911 -0.34975 0.23229 -0.45386 0.19209 0.19784 0.95639 0.08979 -0.00884 -0.60045 -0.14784 -0.13128 0.32747 0.23517 -0.12496 -0.25777 0.23437 0.00025 0.15517 -0.17247
20 -0.48552 0.41063 0.20544 0.36298 -0.35513 -0.00014 0.46621 0.57548 0.25288 -0.24272 0.27544 0.31654 -0.11427 0.67347 -0.21200 -0.15164 -0.29642 0.35235 0.08916 -0.04452
21 0.50548 0.01051 -0.19183 0.04742 -0.28078 0.31783 0.39480 -0.23139 0.02413 0.13043 -0.49494 -0.81723 -0.27924 -0.43604 -0.00568 -0.58256 0.38404 0.86557 0.51342 0.21967
22 0.05156 0.01050 0.02137 -0.13332 0.01561 0.05857 0.06343 -0.00660 0.08367 -0.03544 0.03269 0.03646 0.22000 -0.02625 -0.08383 -0.02721 0.05247 -0.25416 -0.06551 -0.00347
23 -0.51262 0.39817 0.12444 0.63416 -0.43374 -0.02186 0.57654 0.75753 0.09593 -0.40822 0.30370 0.69811 0.04226 0.90737 -0.37156 -0.09043 -0.18944 0.06176 0.24598 -0.09810
24 -0.32686 -0.49819 -0.38446 -0.42095 -0.04696 0.38451 -0.42562 0.29675 0.40905 0.06604 -0.49821 0.38299 0.08874 -0.63764 -0.29712 -0.18366 0.16359 0.13142 0.33696 -0.36699
25 -0.51409 0.22690 0.33211 0.09397 -0.51102 0.02894 0.03665 0.36325 -0.10204 -0.00602 0.43260 0.16051 -0.28196 0.50315 -0.06095 -0.21040 -0.16604 0.39299 -0.03583 -0.06091
26 0.04124 0.32552 -0.12545 0.39806 0.09000 0.09253 0.95418 0.52291 -0.25835 -0.58800 -0.16767 0.12491 0.47680 0.50440 0.07979 -0.13166 0.37007 -0.14416 0.04216 0.11540
27 -0.18747 -0.06548 0.10618 -0.39044 0.10070 0.31893 0.87163 0.58098 -0.21773 -0.53051 0.16354 0.09675 0.53962 0.53224 0.06044 -0.08556 0.35896 0.24081 0.23191 -0.00165
28 -0.04970 0.33982 -0.15236 0.71612 -0.20816 0.09855 0.77572 0.45718 0.05922 -0.49823 0.07192 0.81872 0.37339 0.49781 -0.51957 0.09237 0.06047 -0.21299 0.26587 -0.11380
29 -0.39370 0.22415 0.11272 0.74093 -0.47934 -0.14566 0.15025 0.68710 -0.03135 -0.36023 0.20731 0.53674 -0.13638 0.92117 -0.56314 -0.06723 -0.55089 0.26716 0.41280 -0.12200
30 -0.54191 0.36587 0.23106 0.56768 -0.54351 0.13362 0.56005 0.75298 0.15929 -0.30477 0.50191 0.61892 -0.05070 0.78866 -0.38493 -0.10349 -0.29709 0.13579 0.26878 -0.22243
31 -0.05693 0.03048 -0.18210 0.03872 0.14508 0.24697 1.12027 0.47787 -0.42810 -0.53522 -0.01362 0.02345 0.44083 0.33237 0.20244 -0.11168 0.48483 0.08133 0.07484 0.03222
32 0.06996 -0.06160 -0.03808 -0.10381 0.07260 0.00305 0.00923 0.07205 0.02502 -0.03349 -0.06594 -0.08495 0.21364 -0.03118 0.00346 0.06791 0.05609 -0.15800 -0.07932 -0.18713
33 0.18177 -0.06926 -0.23991 0.63612 0.08464 0.07197 0.65318 0.45570 -0.15276 -0.21745 -0.01607 0.54518 0.07531 0.43280 -0.03063 0.02958 0.32957 -0.29168 0.23531 -0.00669
34 -0.08606 0.29492 -0.11356 0.27234 0.11913 0.12624 0.96629 0.55392 -0.29803 -0.42968 -0.04568 -0.00823 0.36682 0.41102 0.24078 -0.08402 0.37199 -0.09437 -0.08170 0.08052
35 0.52781 -0.06138 -0.51389 0.01913 -0.10372 0.15387 -0.07566 0.06288 -0.17995 0.15098 -0.80689 -0.50546 -0.37646 -0.67105 -0.01875 -0.21736 0.32358 0.87475 0.53990 0.18693
36 -0.42201 -0.56519 -0.32384 -0.53265 -0.04775 0.23992 -0.43545 0.31959 0.41370 0.30042 -0.65617 0.25493 0.38362 -0.79318 -0.46266 -0.28609 0.25518 0.13877 0.34258 -0.10423
37 0.25573 0.11800 -0.68936 -0.06898 -0.21980 0.14250 0.06831 -0.14071 -0.06925 0.06610 -0.48388 -0.49031 -0.45421 -0.24504 -0.03465 0.02004 0.05563 0.69096 0.28614 0.16762
38 0.62467 -0.04753 -0.57318 -0.42017 0.32245 0.55324 -0.26273 0.45022 -0.46530 0.08398 -0.21438 -0.33068 0.17725 0.29778 0.07350 0.11120 0.27747 0.22945 0.05825 0.10412
39 -0.26022 0.31496 -0.18293 0.72714 -0.21415 -0.06711 0.73009 0.62832 0.03750 -0.46207 0.08673 0.74246 0.26201 0.61101 -0.35782 0.07527 0.01642 -0.07026 0.30107 -0.10114
40 0.49864 0.35796 -0.64895 -0.10257 -0.32995 0.12073 0.12248 -0.45212 -0.04176 0.13879 -0.60608 -0.68103 -0.48388 0.04652 0.02235 0.00031 -0.01662 0.76850 0.25112 0.26857
41 0.71895 0.21870 0.02780 -0.25457 -0.27863 -0.14372 0.38343 -0.56755 0.18418 0.22304 -0.39321 0.39054 0.23472 0.36956 -0.26045 0.28536 -0.77529 -0.41617 -0.27534 -0.10217
42 -0.01761 0.32331 0.23080 -0.31584 0.25414 0.42078 -0.61490 0.84276 -0.29282 0.13865 0.31257 0.04385 -0.11393 0.63275 0.07159 0.09678 -0.16758 0.45438 -0.03163 -0.02570
43 -0.51591 -0.12003 0.25595 -0.41839 -0.24847 0.47713 0.80108 0.64045 -0.10897 -0.38980 0.50874 0.19696 0.04866 0.60045 0.05280 -0.20845 0.29739 0.47833 0.19006 -0.04553
44 0.75261 -0.19521 0.41782 0.02515 0.70472 -0.03685 -0.01928 -0.82168 0.31207 0.31973 -0.12106 0.47456 0.19902 0.31935 -0.09874 -0.18097 0.05906 -0.03295 -0.46015 -0.53655
45 -0.06062 0.54209 0.59494 -0.09133 -0.36383 0.04794 -0.18376 0.34561 0.51058 -0.15936 0.06687 0.70461 -0.08939 0.51677 0.42332 0.09443 -0.08383 0.27066 0.02988 0.72513
46 -0.19414 0.30483 -0.11035 0.60885 -0.17510 0.03567 0.75056 0.69578 -0.09800 -0.47551 0.13283 0.57024 0.26622 0.56089 -0.20361 0.00764 0.12032 -0.08586 0.21365 -0.12629
47 0.67003 0.03936 -0.36059 -0.40690 0.41991 0.85515 -0.26921 0.56483 -0.51843 0.20062 0.04808 -0.22363 0.09672 0.55325 0.05248 0.21187 0.29268 0.17018 0.08925 0.19437
48 -0.16731 0.32274 -0.10738 0.52414 0.03060 0.00599 0.96780 0.66141 -0.28259 -0.45473 0.04168 0.26692 0.35112 0.49999 0.06483 -0.05429 0.34697 -0.10865 0.08147 0.01349
49 -0.08461 -0.23326 0.32503 0.14218 0.05208 -0.84188 -0.21278 0.64405 0.21973 -0.07531 -0.13958 -0.45475 -0.27112 0.67412 0.51837 -0.39900 -0.26104 -0.11710 -0.10531 -0.58081
50 0.36948 0.18303 0.00335 -0.30351 0.15991 -0.20059 -0.19611 0.07581 0.45995 -0.20264 -0.35967 0.54189 0.30357 -0.00966 0.60040 0.27183 0.29401 -0.19055 -0.05486 0.81075
51 0.33779 0.18394 -0.00830 -0.24628 0.14272 -0.19172 -0.14113 0.05155 0.47947 -0.21212 -0.34380 0.51214 0.37188 -0.04320 0.58286 0.35131 0.28648 -0.21964 -0.01721 0.76441
52 -0.17201 -0.54044 -0.19249 -0.37570 -0.40067 0.13595 -0.50959 -0.02805 0.31422 0.18732 -0.77452 0.33889 0.28264 -0.83267 -0.26028 -0.19304 0.36436 0.15974 0.40907 -0.22744
53 -0.06631 0.26811 -0.19627 0.64255 0.00307 0.09877 0.99207 0.62017 -0.33789 -0.44368 0.08321 0.51997 0.36659 0.54017 -0.09884 -0.06382 0.33532 -0.19827 0.20576 -0.03298
54 0.13900 -0.32044 0.11912 0.08485 0.30477 -0.73358 -0.15457 0.53180 0.15905 -0.05213 -0.35102 -0.53585 0.02731 0.42299 0.52679 -0.43869 -0.04195 -0.09234 -0.08118 -0.51348
55 0.72029 0.25950 -0.08349 -0.27404 0.22123 -0.23167 -0.16379 0.20697 0.67870 -0.04319 -0.40190 0.33270 0.45863 -0.14848 0.39999 0.00604 0.38283 -0.28899 -0.15832 0.78326
56 0.40832 0.42060 -0.88402 -0.18705 -0.16812 0.21633 0.07634 -0.45260 -0.14010 0.00174 -0.50530 -0.68753 -0.64625 0.01561 0.00840 0.43003 -0.07859 0.57038 0.05712 0.24145
57 -0.70914 0.31940 -0.65200 -0.46603 -0.13526 -0.52136 -0.22671 0.09122 -0.24481 0.48549 0.14411 -0.07131 0.75031 0.08614 -0.34816 -0.11651 -0.47381 0.01415 0.08442 0.34967
58 -0.12946 -0.50385 -0.58683 -0.37346 0.10165 0.09389 -0.40499 0.23972 0.26784 0.22272 -0.74675 -0.10630 0.04810 -0.89667 -0.11686 -0.16755 0.37102 0.44598 0.37266 -0.11946
59 0.14262 0.38625 0.18337 -0.04712 -0.85815 0.23894 -0.03772 0.22773 0.11461 -0.00111 0.01691 -0.62176 -0.92645 0.26772 0.08413 -0.50352 -0.23759 0.74476 0.53902 0.09413
60 0.10846 -0.26864 0.10929 0.02461 0.29456 -0.78163 -0.21758 0.44155 0.05512 -0.12686 -0.30369 -0.59136 -0.00098 0.47400 0.59104 -0.36964 -0.15650 -0.11007 -0.13465 -0.52728
61 -0.06265 -0.25435 -0.19736 -0.22473 0.28258 0.20411 0.76990 0.43479 -0.61601 -0.60309 0.40710 0.20311 0.54506 0.53833 0.05113 -0.26171 0.57592 0.35101 0.11382 -0.09718
62 -0.47482 0.38639 -0.94008 -0.48435 -0.12594 -0.56954 -0.20182 -0.14623 -0.26112 0.40670 0.08913 -0.24808 0.45076 0.11029 -0.36164 -0.05338 -0.50719 0.08865 -0.03066 0.43541
63 0.43625 0.23890 -0.08923 -0.34712 0.17115 -0.15081 -0.19899 -0.01451 0.45753 -0.09708 -0.30780 0.55469 0.29124 -0.01839 0.57481 0.30308 0.27459 -0.24012 -0.09922 0.77394
64 0.51806 0.52489 -0.11080 -0.34078 -0.30075 0.11431 0.56381 -0.50756 -0.05225 0.45217 -0.58640 0.24597 0.20272 0.05431 -0.20153 -0.10600 -0.50946 -0.25734 -0.39411 -0.58040
65 0.84389 -0.26039 0.54255 0.03024 0.50811 -0.11340 0.15353 -0.56585 0.25899 0.43235 -0.25017 0.43400 -0.01189 0.42931 -0.23512 -0.06492 0.14456 -0.22800 -0.36190 -0.37769
66 0.05011 -0.17358 0.23077 0.01401 0.18442 -0.72217 -0.20549 0.41060 0.21687 -0.12813 -0.24944 -0.51975 0.06244 0.61503 0.48567 -0.49536 -0.20736 -0.23792 -0.17020 -0.48400
67 0.17819 -0.32199 -0.00506 0.09658 0.16843 -0.78684 -0.23341 0.46925 0.18522 -0.02742 -0.29967 -0.55061 -0.07359 0.63684 0.58916 -0.26378 -0.20655 -0.11156 -0.25782 -0.52184
68 0.30206 -0.21966 0.32924 -0.06716 0.45297 -0.51068 -0.14536 0.10770 0.42424 0.09565 -0.59922 -0.91423 0.17865 0.33309 0.21008 -0.88164 0.08350 -0.33090 -0.06776 -0.41707
69 -0.03351 -0.18075 -0.09882 0.17779 0.15583 -0.88962 -0.22371 0.48576 0.07249 -0.07664 -0.34072 -0.76612 -0.29773 0.67145 0.65451 -0.24791 -0.20676 0.11549 -0.22813 -0.45656
70 -0.63946 0.19395 -0.25668 -0.39545 0.14088 -0.55264 -0.21266 -0.03140 -0.27859 0.34168 -0.03754 0.12133 0.82179 -0.29593 -0.45034 -0.17255 -0.29645 -0.43427 0.19484 0.53126
71 -0.61436 -0.30581 -0.15539 -0.26900 -0.41420 0.54150 -0.28240 0.62858 0.36716 0.08474 -0.24609 0.38337 -0.19254 -0.18571 -0.32044 0.01706 -0.15800 0.48873 0.39357 -0.59240
72 -0.09436 0.16656 -0.18367 0.82444 -0.14565 -0.15389 0.55989 0.42064 0.02206 -0.35599 0.00881 0.88596 0.38247 0.54403 -0.61599 0.01926 -0.14183 -0.24507 0.46830 -0.22446
73 0.06915 -0.15881 -0.13183 -0.01003 0.31608 -0.92312 -0.10782 0.34025 0.11341 -0.07351 -0.45423 -0.89675 -0.16706 0.77244 0.57841 -0.36915 -0.21601 0.02380 -0.23213 -0.52719
74 -0.17421 -0.03160 -0.10885 0.84884 -0.03355 0.06311 0.88090 0.36636 -0.35257 -0.22566 0.21472 0.95110 0.00741 0.28531 -0.10572 -0.16278 0.24433 -0.04058 0.33651 0.10309
75 0.16083 -0.39363 0.10151 0.09919 0.18230 -0.74213 -0.25118 0.52944 0.19453 -0.00981 -0.27245 -0.58998 -0.05512 0.54930 0.45009 -0.39857 -0.10403 -0.12536 -0.15943 -0.57260
76 0.00402 -0.35843 0.22962 -0.45085 0.14929 0.30065 1.05109 0.28420 -0.18298 -0.65892 -0.03989 -0.17846 0.40906 0.34567 -0.07106 -0.21976 0.27075 -0.02297 0.20961 -0.15202
77 0.42145 0.17749 -0.00174 -0.37364 0.25112 -0.20693 -0.26673 0.03356 0.47293 -0.20491 -0.35056 0.63947 0.35394 0.00020 0.68017 0.28887 0.31738 -0.29525 -0.13222 0.90746
78 -0.37768 0.47180 -1.22058 -0.47629 -0.23277 -0.56430 -0.08777 -0.29488 -0.26070 0.32564 -0.04024 -0.44630 0.30934 0.28178 -0.31893 -0.01365 -0.49655 0.29602 -0.09400 0.59461
79 0.48590 0.27014 0.06096 -0.36589 0.17134 -0.13995 -0.25728 -0.01029 0.52898 -0.16879 -0.32520 0.61416 0.33615 -0.06039 0.62220 0.32734 0.25050 -0.21083 -0.04034 0.95139
80 0.39615 0.19452 0.26870 0.02952 -0.01093 0.21893 -0.21509 -0.13840 0.19492 0.46192 -0.11416 0.09874 -0.12937 -0.22820 0.07903 -0.62660 -0.19600 -0.51906 0.23466 0.53886
81 -0.33557 -0.25710 0.49742 0.15833 -0.10090 -0.67698 -0.42046 0.71832 0.05095 0.03780 -0.05219 -0.57877 -0.46053 0.54030 0.46055 -0.25102 -0.33397 0.21470 0.05856 -0.55467
82 0.12312 -0.23515 0.06408 -0.08122 0.29586 -0.71049 -0.22251 0.37465 0.08696 -0.15065 -0.27683 -0.59474 0.03625 0.39508 0.69525 -0.35898 -0.21758 -0.20532 -0.10039 -0.53058
83 -0.64911 -0.43403 0.58278 0.05924 -0.45995 -0.03857 0.45643 0.69502 0.14971 -0.39948 0.12677 0.13928 0.19175 0.89135 -0.20582 -0.21886 0.14204 0.37541 0.18115 -0.05754
84 -0.72145 0.45454 0.08777 -0.16236 -0.74817 -0.33769 -0.45185 0.43268 -0.14977 0.29765 0.28773 0.01155 -0.11406 0.56552 -0.37076 -0.29600 -0.71035 0.42757 0.25052 0.34423
85 0.43895 0.11223 0.18774 0.04848 -0.03219 0.25795 -0.16629 -0.15911 0.18094 0.45865 -0.13654 0.12146 -0.11455 -0.21855 0.07859 -0.60149 -0.19305 -0.42809 0.27988 0.48028
86 0.36485 0.27308 0.08729 -0.22552 0.11718 -0.18861 -0.18573 0.16813 0.55828 -0.14730 -0.30698 0.53860 0.25030 -0.07243 0.65446 0.46342 0.26332 -0.22158 -0.08090 0.83633
87 0.03677 0.09710 -0.19312 0.63520 -0.14964 -0.06226 0.48693 0.32374 -0.03351 -0.33914 -0.04932 0.81762 0.26678 0.44618 -0.55242 -0.07576 -0.03438 -0.21170 0.36439 -0.12972
88 -0.36122 -0.13232 0.14863 0.22491 -0.13336 -0.75192 -0.13365 0.76060 -0.02360 -0.06978 0.05292 -0.36801 -0.51803 0.94993 0.44837 -0.17956 -0.37399 0.26625 -0.13960 -0.59797
89 0.76665 -0.29823 0.48094 0.05956 0.59434 -0.15939 0.12838 -0.47732 0.23182 0.34038 -0.24391 0.25218 -0.01755 0.45715 -0.18314 -0.05781 0.10581 -0.13607 -0.29862 -0.41478
90 0.16616 -0.32012 -0.06421 0.03518 0.18153 -0.76883 -0.19402 0.54970 0.03356 -0.11740 -0.34832 -0.49229 0.01692 0.45344 0.54922 -0.20157 -0.11217 -0.18515 -0.11330 -0.45376
91 0.86566 0.15427 -0.50233 -0.46166 0.45401 0.77119 -0.34242 0.52001 -0.52873 0.18573 0.03363 -0.19006 0.12191 0.51940 0.11646 0.20316 0.21359 0.10772 -0.08242 0.05296
92 0.29657 -0.19932 -0.26565 0.07209 0.32301 -0.93607 -0.08338 0.35165 0.08427 -0.05046 -0.54135 -0.78254 -0.07704 0.51128 0.70218 -0.23618 -0.00310 -0.07889 -0.35617 -0.47317
93 0.14641 -0.22960 0.07713 0.12470 0.24135 -0.76920 -0.16754 0.45726 0.04515 -0.14622 -0.28641 -0.58367 -0.09232 0.57333 0.63558 -0.35754 -0.20901 -0.08385 -0.18812 -0.54469
94 -0.65342 0.45817 0.06647 -0.05511 -0.65649 -0.52506 -0.54184 0.35815 -0.22523 0.30620 0.23848 0.00879 0.01462 0.39455 -0.16592 -0.16153 -0.70927 0.50497 0.20907 0.36270
95 -0.48950 -0.63928 0.32556 -0.17067 -0.55158 -0.13382 -0.01618 -0.04972 0.66282 0.00387 -0.46803 -0.08652 0.49166 -0.02394 -0.13093 0.18686 0.64190 -0.18154 0.30203 0.08598
96 0.06992 -0.02656 -0.06697 0.93375 0.02882 0.04819 0.82595 0.50939 -0.50639 -0.17034 0.07495 0.84165 -0.06470 0.32907 -0.00775 -0.12174 0.38884 -0.14725 0.28532 -0.05087
97 0.34742 -0.33344 0.00870 0.08175 0.28355 -0.72377 -0.43365 0.87116 0.06315 -0.01981 -0.55304 -0.63173 0.05303 0.34645 0.68182 -0.34502 0.07024 -0.04455 -0.00341 -0.46022
98 0.53415 -0.25624 -0.57964 0.04008 0.03341 0.07755 -0.04746 0.04398 -0.15394 0.02444 -0.69971 -0.54481 -0.15058 -0.54122 0.00763 -0.19183 0.41137 0.52600 0.37814 0.12550
99 0.49640 -0.01974 -0.23333 -0.51652 0.33284 0.17300 -0.15727 0.48389 -0.29188 -0.14105 -0.25942 -0.16191 0.47426 0.35628 0.12720 0.39205 0.20281 -0.10864 0.36469 -0.07875
100 0.03762 -0.31127 0.15538 0.04909 0.21066 -0.71661 -0.24485 0.43224 0.23494 -0.02942 -0.31827 -0.64180 -0.03824 0.49933 0.41991 -0.47751 -0.16063 -0.07953 -0.16462 -0.54109
101 0.55116 0.09193 0.39736 0.09022 0.08060 0.30786 -0.37393 -0.20285 0.15455 0.59534 -0.07339 0.13640 -0.05548 -0.24445 0.07831 -0.76558 -0.24133 -0.51432 0.33711 0.61898
102 -0.43711 0.14525 0.04297 0.57061 -0.32594 -0.14893 0.15317 0.59789 0.15993 -0.20221 0.32996 0.61189 0.05098 0.62910 -0.46451 -0.01729 -0.43016 -0.11670 0.25475 -0.33420
103 -0.35553 0.22944 0.24868 0.08786 -0.53473 0.10609 0.04292 0.30509 0.10292 -0.01311 0.33010 0.04678 -0.41197 0.54643 0.15446 -0.33595 -0.22537 0.22934 0.10327 -0.16935
104 -0.14456 0.46271 0.61892 0.00395 -0.11945 -0.22209 -0.20484 0.42230 0.62791 -0.10374 0.17027 0.64472 -0.16715 0.23702 0.66024 0.40293 -0.00043 -0.05622 -0.04367 0.80580
105 -0.52607 0.20791 -0.75288 -0.42157 -0.03604 -0.51251 -0.19756 -0.12306 -0.13123 0.23944 0.14000 -0.09665 0.57917 0.01074 -0.44278 -0.28626 -0.43872 -0.05279 0.03078 0.51542
106 -0.19883 0.23705 -0.18454 0.61496 -0.26088 -0.01674 0.54530 0.47759 0.11946 -0.33565 0.24010 0.85879 0.25250 0.52791 -0.45521 0.07058 -0.12373 -0.20991 0.31219 -0.25290
107 0.46976 0.16758 0.25085 -0.06191 -0.02395 0.31648 -0.28378 -0.24787 0.26582 0.63610 -0.17395 0.04203 -0.19232 -0.33616 0.08584 -0.71718 -0.20303 -0.49680 0.33246 0.57379
108 0.26453 -0.40189 0.04679 0.11819 0.24075 -0.82748 -0.18304 0.70137 0.12911 -0.05241 -0.38303 -0.65387 -0.08756 0.57887 0.66762 -0.28613 -0.06901 -0.15752 -0.09075 -0.58202
109 0.17416 -0.23937 0.09340 0.13852 0.39381 -0.83657 -0.23697 0.45639 0.10236 -0.21075 -0.48783 -0.64906 0.07018 0.50455 0.73142 -0.39260 -0.10164 -0.20438 -0.19568 -0.57190
110 -0.16491 0.26217 -0.20704 0.63139 -0.24834 -0.07368 0.48717 0.42313 0.15516 -0.30810 0.15309 0.83601 0.25664 0.52054 -0.49602 -0.00036 -0.15196 -0.19230 0.28661 -0.21564
111 -0.49401 0.39638 0.13768 0.42331 -0.46284 -0.09362 0.22207 0.65678 0.26856 -0.42575 0.39179 0.49419 -0.06447 0.78893 -0.16701 -0.01853 -0.26988 0.17789 0.02272 0.05198
112 -0.44839 -0.49071 0.36371 -0.01568 -0.46959 -0.20618 -0.10015 -0.04418 0.48656 0.06962 -0.36237 -0.07227 0.36324 0.06145 -0.10863 0.18720 0.50955 -0.14845 0.22878 0.16752
113 0.57711 0.51331 -0.17080 -0.34745 -0.32269 0.02738 0.50818 -0.59901 0.07181 0.38998 -0.55521 0.25537 0.07869 0.20037 -0.18508 0.00748 -0.58297 -0.27473 -0.43543 -0.43650
114 -0.42383 0.35856 0.41841 0.27684 -0.41808 0.15054 0.10543 0.80646 0.05178 -0.25893 0.49402 0.41595 -0.08345 0.79422 -0.31981 -0.29755 -0.37726 0.12616 0.11457 -0.13739
115 0.43456 -0.13802 -0.42392 -0.83280 -0.32935 0.41656 -0.04660 -0.02715 -0.04617 -0.20617 0.24508 -0.31644 -0.30092 -0.25711 0.17814 0.08241 0.04676 -0.42938 0.43760 0.04479
116 0.70766 0.04769 -0.46829 -0.39789 0.45176 0.86299 -0.27956 0.48543 -0.44918 0.21852 -0.02419 -0.10556 0.03948 0.41616 0.08169 0.29421 0.27141 0.15034 0.01269 0.28455
117 -0.07531 -0.20790 0.20217 0.06850 0.09511 -0.78949 -0.27555 0.62711 0.17620 -0.14234 -0.20453 -0.53362 -0.04751 0.58411 0.63745 -0.36341 -0.10800 -0.12933 -0.21102 -0.46541
118 0.33723 0.55147 -0.14901 -0.36646 -0.23668 0.10985 0.44500 -0.41113 -0.00290 0.29920 -0.48472 0.20570 0.18420 -0.04598 -0.06257 -0.11949 -0.23553 -0.35012 -0.40458 -0.44984
119 0.05877 0.27054 -0.64336 0.09824 0.02750 -0.44004 0.09256 -0.25574 -0.15119 0.15573 -0.34553 -0.56389 -0.63183 0.50198 0.12658 0.30971 -0.12111 0.49804 -0.14907 0.09384
120 -0.37740 -0.40290 -0.49425 -0.50107 0.01318 0.18204 -0.39043 0.29129 0.35752 0.18387 -0.47133 0.30133 0.27774 -0.70465 -0.24095 -0.08894 0.15957 0.12141 0.22742 -0.24334
121 0.22358 -0.19153 -0.16681 0.09015 0.29291 -0.83577 -0.17922 0.51998 0.02816 -0.12388 -0.44088 -0.62720 -0.14390 0.61047 0.58846 -0.20070 -0.16388 0.00141 -0.12377 -0.42985
122 -0.00285 -0.27812 0.18119 0.10894 0.06236 -0.76820 -0.30183 0.59410 0.14279 -0.09948 -0.26874 -0.53940 -0.05507 0.57926 0.59289 -0.35540 -0.15737 -0.09635 -0.17375 -0.48849
123 0.02624 0.23381 -0.85956 -0.18218 -0.11718 -0.32092 -0.01867 -0.25141 -0.19826 0.19381 -0.28183 -0.50077 -0.06300 0.27870 -0.10483 0.09753 -0.24681 0.37150 -0.10212 0.20385
124 0.29103 -0.71481 -0.78966 -0.36430 -0.69049 0.24459 -0.16015 -0.11161 -0.18537 -0.26433 0.36817 0.22322 0.00571 -0.13572 -0.18449 0.34188 -0.16840 -0.27598 -0.23236 -0.50535
125 -0.06379 -0.16477 0.12247 0.04917 0.15374 -0.75240 -0.24611 0.49369 0.10109 -0.07623 -0.21932 -0.59789 -0.14437 0.65359 0.62442 -0.36201 -0.40902 -0.05847 -0.24298 -0.47924
126 0.12862 -0.19483 0.11547 0.07450 0.20625 -0.75571 -0.29303 0.43358 0.05894 -0.11670 -0.29792 -0.61894 -0.15087 0.57867 0.70734 -0.31979 -0.24498 -0.07588 -0.15165 -0.50787
127 -0.19829 -0.25020 -0.07331 0.33731 -0.39394 -0.24019 -0.10812 0.87886 -0.08281 0.15195 -0.60746 0.00865 -0.67922 -0.37478 -0.12667 -0.23977 0.14607 0.94195 0.34061 -0.15516
128 -0.33743 -0.27424 0.06872 0.44325 -0.08225 -0.20667 -0.28438 0.50059 -0.08140 -0.03861 -0.45772 0.27407 -0.32709 -0.27936 -0.10959 -0.24435 -0.04033 0.85673 0.11809 -0.24289
129 -0.05470 -0.12874 -0.22607 -0.23849 0.30391 0.15413 0.43722 0.23588 -0.46817 -0.44542 0.36502 0.11106 0.49315 0.32558 0.04666 -0.28381 0.49884 0.38442 0.14734 -0.07980
130 0.23932 -0.22315 0.02044 0.10536 0.27453 -0.59433 -0.27666 0.63441 0.06183 -0.03831 -0.39605 -0.49419 0.02055 0.33933 0.56085 -0.18833 0.04497 -0.01838 -0.10146 -0.36252
131 0.30179 0.08476 0.55541 0.08884 0.06800 -0.05663 0.05901 -0.12049 0.26091 0.51834 0.12035 0.31629 -0.38314 0.66118 -0.21194 -0.07339 -0.20628 0.07358 -0.32135 -0.26429
132 0.06120 0.30524 -0.75644 -0.12527 -0.04924 -0.25030 0.07820 -0.35462 -0.22725 0.04137 -0.35580 -0.59845 -0.39938 0.27935 -0.02681 0.28125 -0.08784 0.49095 0.03263 0.17858
133 0.83378 -0.27873 0.52530 0.06493 0.53274 -0.14806 0.19929 -0.50834 0.29268 0.51176 -0.21749 0.47231 -0.09268 0.48470 -0.24889 0.01277 0.17954 -0.19073 -0.36135 -0.42773
134 0.41215 -0.08839 -0.22274 0.06814 -0.18146 0.24019 0.25568 -0.05190 -0.03421 0.02465 -0.38075 -0.69541 -0.26666 -0.40372 -0.02191 -0.63365 0.35886 0.64708 0.45053 0.21989
135 0.13284 -0.26981 0.15033 0.04495 0.34403 -0.85925 -0.28644 0.50898 0.17950 -0.03950 -0.32558 -0.70424 -0.08262 0.50001 0.78830 -0.38763 -0.17101 -0.15390 -0.18421 -0.58466
136 0.04337 0.36761 -0.43255 0.04188 -0.50802 0.21317 -0.04400 0.09303 -0.22383 -0.07751 -0.22946 -0.30874 -0.68832 0.48687 -0.19059 0.01300 -0.38821 0.79671 0.30281 0.30757
137 0.09708 -0.28482 0.02215 0.13628 0.19161 -0.61480 -0.22709 0.56404 0.09502 0.00808 -0.25739 -0.48770 -0.03970 0.45308 0.54565 -0.22711 -0.07813 -0.00513 -0.14344 -0.46551
138 -0.46898 -0.34434 0.50664 0.27318 -0.23173 -0.70051 -0.32632 0.85583 0.17560 0.03552 0.05257 -0.50112 -0.36972 0.60343 0.64020 -0.46313 -0.21456 0.19469 -0.14713 -0.40182
139 0.45848 -0.05910 -0.36350 -0.24336 0.31280 0.47164 -0.12393 0.17737 -0.29376 0.04634 -0.01789 -0.12403 0.04667 0.28361 0.08959 0.10483 0.22356 0.04573 -0.05876 0.10921
140 0.20020 0.02642 -0.10631 0.75252 -0.10119 0.00382 0.54367 0.26487 -0.13331 -0.11766 -0.03844 0.71484 0.13934 0.28393 -0.22884 -0.13491 0.18171 -0.24056 0.20559 -0.18660
141 0.13586 -0.26668 0.01052 0.02514 0.06627 -0.68215 -0.23160 0.44163 0.16524 -0.09415 -0.36299 -0.47921 0.06258 0.37315 0.51519 -0.34288 -0.06897 -0.18204 -0.21619 -0.42760
142 0.48300 0.28755 -0.77863 -0.20855 -0.06807 0.05083 0.11639 -0.46833 0.02552 0.08369 -0.50107 -0.49556 -0.40083 0.07714 0.11533 0.40641 -0.10728 0.30474 -0.03587 0.10411
143 -0.60716 -0.44931 -0.17029 0.90866 -0.12086 0.01329 0.62741 0.36022 -0.23510 -0.36649 0.39159 0.99409 -0.26692 0.44650 -0.22062 -0.06193 0.23286 0.25300 0.40931 0.27385
144 0.09376 -0.29403 0.06138 0.01816 0.29751 -0.72594 -0.30705 0.46602 0.08943 -0.07939 -0.36293 -0.55093 -0.01775 0.51810 0.50112 -0.40807 -0.07655 -0.04792 -0.11984 -0.52951
145 -0.52649 0.16618 -0.70528 -0.46387 -0.10550 -0.72770 -0.24612 -0.06258 -0.20229 0.14740 0.02758 0.11070 0.59258 -0.04844 -0.45654 -0.36951 -0.39394 -0.17588 -0.02177 0.79844
146 0.41412 0.23112 0.01665 -0.34543 0.15472 -0.17560 -0.24584 0.03377 0.49445 -0.20244 -0.31181 0.58023 0.31227 -0.07725 0.57309 0.33800 0.23525 -0.20054 -0.04575 0.90327
147 0.35011 -0.48838 -0.70385 -0.61896 -0.30556 0.26691 -0.16489 -0.02376 -0.16879 -0.06686 0.42541 0.06743 -0.23968 -0.23774 -0.01858 0.06170 -0.09670 -0.36129 0.12344 -0.17089
148 -0.31836 0.22678 0.62746 0.68724 -0.52728 -0.02010 0.26091 0.46687 -0.13098 0.04278 0.23658 0.84252 -0.63364 0.50339 -0.03437 -0.33731 -0.11895 0.18542 0.14402 0.04383
149 0.13992 -0.33139 -0.09660 0.10624 0.23068 -0.89629 -0.25375 0.32064 0.06427 -0.06072 -0.41252 -0.79436 -0.20841 0.54354 0.62748 -0.26861 -0.13793 0.01029 -0.23113 -0.50455
150 0.19957 0.36993 -0.77611 -0.09869 -0.29874 0.10011 0.09580 -0.34960 -0.10715 -0.02545 -0.38425 -0.45942 -0.57668 0.07379 -0.08385 0.28470 -0.10496 0.58745 0.06146 0.26475
151 -0.37319 0.02693 0.38305 0.25694 -0.27696 -0.69050 -0.05648 0.98763 0.24005 -0.10204 0.12893 -0.10996 -0.33594 0.86067 0.31347 -0.37686 -0.41832 -0.00408 -0.01298 -0.52504
152 0.12607 0.36986 0.78294 0.29863 -0.28191 0.25474 -0.38326 0.26261 -0.09487 0.77350 0.32722 0.27539 -0.34986 0.31393 -0.12576 -0.77808 -0.50165 -0.11639 0.43527 0.55892
153 -0.07048 -0.02169 0.02861 0.87822 -0.08735 0.02918 0.57348 0.25202 -0.38361 0.04501 0.04049 0.87182 -0.11805 0.11616 -0.07979 -0.12671 0.24592 -0.05871 0.32120 -0.15116
154 0.09636 -0.19564 -0.00973 0.04245 0.24928 -0.84506 -0.16666 0.49918 0.08685 -0.13514 -0.38873 -0.44647 -0.07093 0.56970 0.53270 -0.20135 -0.08748 -0.23832 -0.09493 -0.56813
155 0.16653 0.00698 -0.13629 -0.09282 0.16284 0.07163 0.12177 -0.10890 -0.02775 0.25276 -0.22882 0.06850 0.09694 -0.19753 0.00581 0.11647 0.23599 -0.16230 0.40863 -0.12482
156 -0.16084 0.44363 -0.39907 0.17480 -0.32767 -0.11128 -0.02164 0.17882 -0.04297 0.30464 -0.19596 -0.60463 -1.01942 0.76784 0.04777 0.11536 -0.34366 0.80994 0.02020 0.03858
157 -0.15581 -0.61039 -0.39320 -0.38124 -0.83173 0.30436 -0.24356 0.35303 0.07210 -0.08559 0.66543 0.20229 -0.53243 0.09710 -0.11801 -0.07947 -0.27242 -0.09360 -0.00895 -0.31298
158 -0.29967 0.09348 0.36386 0.99045 -0.30295 -0.01819 0.68549 0.58714 -0.47467 0.01090 0.13022 0.80149 -0.36717 0.54187 0.06854 -0.39052 0.14126 0.14453 0.28366 -0.18021
159 0.24510 -0.38982 -0.16494 0.02302 0.03060 -0.71680 -0.24213 0.33598 0.03286 -0.14952 -0.41178 -0.59564 -0.06091 0.39595 0.50782 -0.24513 -0.09658 -0.10773 -0.16573 -0.55522
160 -0.29783 0.00515 0.35519 0.16402 -0.11385 -0.60917 -0.32114 0.61985 0.01246 0.05940 0.06477 -0.52088 -0.34162 0.72780 0.48585 -0.26084 -0.44358 0.19582 -0.14618 -0.38175
161 0.06887 -0.47537 -0.31598 0.10974 0.24963 -0.32026 -0.29663 0.35311 -0.16121 0.17603 -0.86066 -0.09554 -0.02871 -0.80574 -0.02429 -0.21429 0.32674 0.78120 0.17266 -0.18411
162 0.23240 -0.80876 -0.88614 -0.23469 -0.57491 0.14128 -0.17363 -0.01367 -0.17161 -0.14477 0.27066 0.05680 -0.02350 -0.21255 -0.08831 0.34866 0.00371 -0.33345 -0.18423 -0.52975
163 -0.45953 -0.53695 0.35365 -0.12759 -0.54613 -0.10223 -0.09749 0.10120 0.53456 0.02224 -0.36766 -0.01127 0.34940 0.09880 -0.16508 0.07176 0.55883 -0.07166 0.30720 0.24497
164 0.25087 0.33525 -0.78716 -0.08572 -0.21618 0.10483 0.09453 -0.22956 -0.15454 -0.05909 -0.43199 -0.44045 -0.59152 0.10325 -0.04444 0.41901 -0.07469 0.55909 0.08524 0.25418
165 -0.36379 0.31158 -0.19167 -0.27298 0.07819 -0.42980 -0.19701 -0.17253 -0.16863 0.17037 -0.08520 0.15126 0.48528 -0.20499 -0.33023 -0.28977 -0.25309 -0.42659 0.08927 0.57158
166 0.87906 -0.25278 0.53303 0.07970 0.57581 -0.06138 0.23040 -0.68518 0.28032 0.39428 -0.22856 0.42432 0.06233 0.44217 -0.24972 -0.11455 0.16784 -0.19933 -0.38585 -0.46364
167 0.39651 -0.17413 -0.38729 -0.26253 0.27987 0.28381 0.20665 -0.28915 0.10657 0.46849 -0.40524 0.21325 0.18338 -0.30802 0.09210 0.16668 0.45127 -0.34568 0.74017 -0.38922
168 0.11148 0.54369 0.26249 -0.19350 -0.64771 0.05606 0.62861 -0.27789 0.00546 0.24042 -0.30669 0.35184 -0.05643 0.52643 -0.28222 -0.38652 -0.69689 0.01783 -0.41056 -0.62395
169 -0.44613 -0.13546 -0.74424 -0.73978 -0.06664 -0.28097 -0.35294 0.02571 -0.25185 0.37800 0.16686 -0.04169 0.54557 -0.11644 -0.17570 -0.03507 -0.38186 -0.04053 0.31316 0.10245
170 -0.00963 -0.47240 -0.32852 0.15662 0.16484 -0.27176 -0.20621 0.30765 -0.08707 0.15284 -0.80392 -0.15509 -0.22508 -0.77008 -0.04388 -0.32343 0.32125 0.77165 0.19494 -0.16013
171 0.14162 -0.36686 0.07814 0.13120 0.18047 -0.87647 -0.39137 0.67340 0.14477 -0.03534 -0.34958 -0.60151 -0.09012 0.65807 0.60829 -0.41067 -0.21259 -0.02992 -0.20045 -0.48532
172 0.45986 -0.17660 -0.36383 -0.14410 -0.44231 0.04274 -0.03978 -0.43873 -0.21474 -0.16887 -0.05089 0.28102 0.25733 0.10579 -0.12621 0.29169 -0.24487 -0.14596 -0.17885 0.16889
173 -0.26021 -0.63520 -0.33388 -0.47729 -0.11038 0.21199 -0.34374 0.16884 0.31010 0.16494 -0.60005 0.12371 0.26289 -0.64646 -0.31938 -0.04524 0.26173 0.03873 0.39034 -0.43217
174 -0.28666 -0.49600 0.56727 0.15502 -0.57807 -0.13923 0.28918 0.07682 -0.07538 -0.06886 0.31149 -0.31398 -0.29804 0.53367 -0.07801 -0.57291 -0.04521 0.21478 -0.07064 -0.40177
175 0.40690 -0.27229 0.37172 0.03260 0.18032 0.10611 0.30324 -0.18812 0.38578 0.17161 -0.43163 -0.75232 0.09803 0.01859 -0.10907 -1.00371 0.51231 0.03261 0.18066 -0.02513
176 0.72888 0.18875 -0.21101 -0.24927 -0.11449 -0.07967 0.22032 -0.58060 0.21833 0.09781 -0.37856 0.14868 0.16934 0.10425 -0.14109 0.45388 -0.57813 -0.14235 -0.27173 0.13842
177 0.11571 0.29836 -0.72228 0.01546 -0.05806 -0.27752 0.07781 -0.23635 -0.26116 0.11428 -0.37006 -0.51125 -0.53522 0.38304 -0.00136 0.39357 -0.12829 0.56803 -0.05463 0.16790
178 0.13057 -0.49107 -0.30161 0.08106 0.05730 -0.93947 -0.34062 0.37259 -0.02762 -0.05151 -0.38602 -0.83127 -0.21712 0.66746 0.48290 -0.27258 -0.25781 0.08802 -0.23163 -0.66394
179 0.83280 -0.25893 0.46593 0.06030 0.55424 -0.08742 0.18924 -0.58725 0.30384 0.38019 -0.24826 0.33433 0.04419 0.45580 -0.16307 -0.13814 0.12600 -0.10104 -0.34922 -0.47184
180 0.55756 0.08739 0.26223 -0.00889 0.10629 0.40941 0.04549 -0.49133 0.14428 0.33096 -0.23645 -0.34305 0.09296 -0.44040 0.02875 -0.78739 0.09310 -0.13293 0.28364 0.31329
181 0.09854 0.19279 -0.63534 0.01853 0.12157 -0.54055 0.02584 -0.20839 -0.16992 0.07743 -0.39715 -0.77016 -0.49187 0.55289 0.27411 0.18399 -0.13770 0.47872 -0.24074 -0.11177
182 0.10301 -0.38015 -0.19111 0.13916 0.06778 -0.65008 -0.11127 0.20782 -0.02017 -0.19221 -0.14720 -0.46760 0.02419 0.53534 0.46152 -0.19390 -0.27095 -0.09003 -0.23066 -0.42860
183 0.44972 0.37449 -0.97322 -0.28325 -0.20099 0.11612 0.06897 -0.54827 0.02435 0.03931 -0.61172 -0.52659 -0.56144 0.07635 0.03155 0.42620 -0.21551 0.56079 0.03569 0.19999
184 -0.16194 -0.22794 0.29074 0.27303 -0.07212 -0.52414 -0.29773 0.73716 0.16015 0.05047 0.17865 -0.25021 -0.46306 0.67823 0.45303 -0.17120 -0.23633 0.12328 -0.23833 -0.32075
185 0.24463 -0.44978 -0.10458 0.12550 0.10566 -0.68408 -0.19951 0.42109 0.11181 -0.11211 -0.24771 -0.52251 -0.10724 0.48988 0.50473 -0.19510 -0.08724 -0.21191 -0.18861 -0.56990
186 0.40155 0.33042 -0.83926 -0.06270 -0.20681 0.12122 0.16558 -0.26481 -0.13524 -0.09233 -0.58626 -0.60736 -0.66315 0.18329 -0.00108 0.24926 -0.02519 0.64300 0.12298 0.26015
187 0.09887 -0.47988 0.31756 -0.04490 -0.07399 0.18507 0.56312 0.05020 0.04977 0.09471 -0.11217 -0.44041 0.20416 -0.00801 -0.26511 -0.93535 0.51642 0.42326 0.15001 0.08816
188 0.13562 -0.04615 -0.16376 0.73708 0.03150 -0.16499 0.46536 0.19741 -0.15664 0.10246 -0.18591 0.85481 0.03833 0.05659 -0.24583 -0.03823 0.16016 -0.20656 0.30944 -0.28552
189 0.21270 -0.71278 -1.00301 -0.26359 -0.62345 0.15822 -0.24755 0.05836 -0.13799 -0.23837 0.32241 0.10258 -0.16667 -0.08848 -0.12835 0.39959 -0.12705 -0.31477 -0.25875 -0.51914
190 0.16537 -0.36163 0.08381 0.06494 0.22013 -0.81220 -0.35600 0.51739 0.10079 0.04097 -0.34211 -0.57668 -0.12971 0.53138 0.54188 -0.33392 -0.18052 -0.03354 -0.18837 -0.51998
191 0.86548 -0.21573 -0.48207 -0.44671 0.42608 0.11763 -0.32271 0.82363 -0.33889 0.01556 -0.54231 -0.44150 0.39538 0.38017 0.38830 0.34692 0.44277 0.01188 0.27323 -0.11763
192 -0.94554 0.31689 -0.23387 -0.34319 -0.36118 -0.29826 -0.24767 0.40360 -0.26118 0.50297 0.52329 0.01635 0.46434 0.48728 -0.37445 -0.04086 -0.66220 0.29274 0.34926 0.13278
193 0.60415 -0.08719 -0.60454 -0.20482 -0.06285 0.07365 -0.03599 -0.50590 -0.03268 -0.10482 -0.21888 0.10405 0.22431 -0.24924 -0.01266 0.59361 -0.32304 0.32007 -0.26104 0.32568
194 -0.13589 0.38646 -0.05927 0.13086 -0.39798 -0.05629 -0.14142 -0.02211 -0.14970 0.24974 -0.06183 -0.09008 -0.69587 0.49724 0.02118 0.12144 -0.33385 0.88848 0.10534 0.21789
195 0.63939 0.16484 -0.13941 -0.38656 -0.29902 -0.13237 0.15092 -0.69762 0.24801 0.02365 -0.19283 0.11993 0.20564 0.43427 -0.17394 0.55326 -0.79977 -0.38781 -0.18370 0.24442
196 -0.14213 -0.48299 -0.85771 -0.59475 -0.43202 0.38245 -0.20520 0.32578 -0.13705 0.04854 0.49700 0.33624 -0.03342 -0.36693 -0.13067 0.45525 -0.10592 0.08095 -0.00645 -0.67515
197 0.39845 -0.55115 0.04253 0.12036 0.12737 0.18146 0.40762 -0.12527 0.11591 0.12061 -0.56162 -0.53084 0.00134 -0.54062 -0.12283 -0.87101 0.70338 0.63801 0.15925 0.18110
198 -0.06239 0.25415 -0.06682 0.81981 0.07148 0.07363 0.98834 0.57789 -0.41410 -0.30523 0.10497 0.61220 0.18487 0.42536 0.07002 -0.02870 0.43310 -0.17355 0.20521 -0.02199
199 0.83865 0.45052 -0.88542 -0.41097 -0.19503 0.12821 0.20389 -0.77081 0.19877 0.15723 -0.71063 -0.29323 -0.30162 0.14588 0.00499 0.55394 -0.46726 0.18295 -0.14361 0.17141
200 0.37264 -0.24331 -0.46656 -0.37807 0.32052 0.23022 0.14329 -0.24338 0.14968 0.45533 -0.41009 0.12105 0.22690 -0.31556 0.17642 0.17735 0.43090 -0.21482 0.64430 -0.50526
201 0.06993 -0.38300 0.71660 0.27893 -0.40928 -0.25610 -0.22538 0.54167 -0.33167 -0.28338 0.09731 0.10869 -0.13370 0.19755 -0.74949 0.26044 -0.14301 0.33827 0.21209 0.12878
202 -0.45463 -0.30931 0.47766 0.35910 -0.12899 -0.45463 -0.49061 0.75370 0.02490 -0.09151 0.17781 -0.08203 -0.39340 0.75297 0.14594 -0.47995 -0.45917 0.46259 0.03580 -0.34949
203 0.21443 -0.03959 -0.34913 0.61108 -0.00607 0.04839 0.49020 0.32047 -0.03221 -0.19360 -0.01606 0.70426 0.04837 0.42065 -0.32923 -0.02074 0.21168 -0.35349 0.23546 0.00953
204 0.16077 -0.46452 -0.27007 0.18212 0.21112 -0.22783 -0.22563 0.27990 -0.16574 0.12352 -0.85106 -0.08240 -0.10250 -0.72847 -0.04684 -0.22340 0.31447 0.71236 0.18582 -0.15195
205 0.47834 -0.50993 0.29368 0.12767 -0.14898 -0.10690 -0.26981 0.10724 -0.31443 -0.22451 -0.14384 0.19884 0.23918 -0.24716 -0.80373 0.45378 0.06508 -0.00631 0.17524 0.11737
206 -0.55968 0.08625 -0.31390 -0.33382 0.02527 -0.26762 -0.07991 0.00160 -0.31576 0.29851 0.02583 0.09091 0.75391 -0.03027 -0.42925 -0.24367 -0.17873 -0.09760 0.21683 0.25940
207 -0.65579 -0.02683 -0.89507 -0.65553 0.24058 -0.15648 -0.33764 0.11777 -0.12206 0.24087 -0.16671 0.22363 0.85164 -0.24982 -0.31729 -0.27800 -0.02975 0.67733 0.04751 0.04486
208 0.01556 -0.65895 -0.96275 -0.44277 -0.52648 0.29019 -0.21046 -0.04404 -0.16991 -0.17825 0.49946 0.29599 0.03557 -0.25058 -0.20320 0.27973 -0.05508 -0.21562 -0.14873 -0.48124
209 -0.23853 -0.53114 -0.45813 -0.35811 0.02955 0.39951 -0.34510 0.39896 0.21242 0.10746 -0.56199 0.16333 0.00034 -0.75543 -0.24228 -0.19830 0.20988 0.37122 0.40667 -0.39893
210 -0.10353 -0.34324 0.19253 0.03560 0.01446 -0.76493 -0.34984 0.58041 0.15946 -0.12091 -0.26043 -0.56586 0.02149 0.44211 0.63599 -0.50713 -0.13960 -0.05355 -0.20402 -0.43386
211 0.20674 0.05225 -0.15539 -0.17547 0.09823 -0.01946 0.12221 -0.40890 0.11110 -0.03313 -0.15969 0.13154 0.08553 -0.10751 -0.17722 -0.09695 -0.00051 -0.27885 0.00267 0.07123
212 -0.12732 0.37072 -0.29796 0.27382 -0.58491 -0.08694 0.20264 0.22861 -0.21711 -0.23252 -0.16842 -0.14562 -0.78176 0.65973 -0.26003 -0.17432 -0.46838 0.70689 0.26162 0.38698
213 0.73073 -0.17111 -0.56641 -0.20295 -0.03535 0.08219 -0.11037 -0.62800 0.00312 -0.09753 -0.22592 0.12895 0.29798 -0.28813 -0.05491 0.59213 -0.39481 0.24178 -0.26907 0.32191
214 0.47419 0.06315 -0.62548 0.00685 -0.30439 0.30765 0.17819 -0.07929 -0.18433 -0.08026 -0.45840 -0.65047 -0.51580 -0.23111 -0.04170 -0.13322 0.15531 0.76368 0.46948 0.29355
215 0.72106 0.07277 -0.00447 -0.28527 -0.10626 -0.24655 0.18361 -0.61738 0.31366 0.17361 -0.35053 0.09382 0.06089 0.36366 -0.20655 0.48529 -0.66806 -0.41534 -0.12313 0.19216
216 0.24928 -0.23398 0.27830 0.87026 0.09352 0.14931 0.33163 0.15498 -0.53479 -0.19192 -0.14919 0.71261 0.45363 -0.13130 -0.55282 -0.00971 0.29437 -0.47596 0.30035 -0.08344
217 -0.65669 -0.49596 0.48160 -0.05708 -0.75828 0.00676 0.11512 0.44315 0.50973 -0.05290 -0.06827 0.32329 0.13238 0.38647 -0.22171 -0.02357 0.42318 0.14637 0.32553 0.21455
218 0.39450 -0.45338 0.43227 0.22795 -0.09086 -0.02351 -0.17708 0.07470 -0.38412 -0.25251 -0.16365 0.25285 0.35347 -0.31138 -0.84312 0.32311 0.12811 -0.06271 0.19449 0.16342
219 0.25264 0.31372 -0.61108 0.03894 -0.12986 -0.03324 -0.17011 -0.24030 -0.24439 0.05241 -0.56375 -0.41901 -0.61792 0.16011 0.20121 0.41858 -0.09807 0.72220 -0.02396 0.22862
220 0.29039 0.33783 -0.87225 -0.04741 -0.27279 0.13434 0.11438 -0.21907 -0.23478 -0.10511 -0.47996 -0.50613 -0.68003 0.25086 -0.09692 0.30999 -0.11409 0.62715 0.07561 0.18137
221 -0.26403 -0.47036 -0.20790 -0.34796 0.01869 0.08181 0.14843 -0.07824 -0.01975 0.22697 -0.29085 -0.13001 0.66885 -0.30011 -0.56076 -0.67104 0.20271 0.14551 0.09883 0.10004
222 -0.20830 -0.19508 0.33716 0.23314 -0.09929 -0.47276 -0.26763 0.62050 0.22914 0.10465 0.10624 -0.35701 -0.37525 0.61124 0.30983 -0.26786 -0.33532 0.18057 -0.07265 -0.45563
223 -0.00611 0.16057 -0.18799 -0.17603 0.10290 0.15404 0.01511 -0.08422 -0.00018 0.04118 0.03726 0.08324 0.16182 -0.03947 -0.10305 0.06110 0.00352 -0.18892 0.02926 0.20623
224 -0.27306 -0.07506 0.30346 0.05746 -0.05174 -0.71711 -0.20668 0.61546 0.09459 -0.00924 -0.09372 -0.60345 -0.27549 0.90707 0.55909 -0.35892 -0.52399 0.07266 -0.13905 -0.58777
225 0.22607 0.37552 -0.63123 0.08994 -0.18620 -0.01396 -0.12627 -0.21614 -0.30662 0.11048 -0.53967 -0.37279 -0.67988 0.13407 0.13464 0.51107 -0.06460 0.76285 0.02022 0.24197
226 0.18281 0.10499 0.04370 -0.09524 0.20317 -0.12026 -0.14892 0.15820 -0.04335 -0.09005 -0.14235 -0.18003 0.15953 0.13501 0.29121 -0.24616 -0.25917 -0.12310 -0.11391 0.00520
227 -0.18437 -0.24141 0.63225 0.02682 -0.43280 0.11885 0.63120 0.20328 0.23369 0.25467 0.20641 -0.31168 -0.28070 0.30377 -0.06105 -0.62689 0.31513 0.47034 0.12940 -0.00791
228 0.20061 -0.80234 -0.95923 -0.28897 -0.52836 0.10114 -0.17973 -0.05483 -0.10560 -0.23058 0.33077 0.16489 0.04137 -0.21991 -0.11723 0.30585 -0.03815 -0.35702 -0.24566 -0.64181
229 -0.13774 0.01750 0.31856 0.63493 -0.26689 -0.00249 0.29203 0.33697 -0.31894 0.12481 0.00791 0.81786 -0.39076 0.23232 -0.13484 -0.23909 0.09319 0.02844 0.12753 -0.19814
230 0.36145 -0.26072 0.15233 0.08371 -0.23322 0.20304 0.55075 -0.14803 0.11939 0.02840 -0.19248 -0.56066 -0.06458 -0.14960 -0.10301 -0.84180 0.47382 0.60836 0.30551 0.23739
231 0.62687 0.21230 -0.88980 -0.31989 -0.15520 0.12610 0.03371 -0.57226 0.10790 0.01031 -0.49803 -0.27007 -0.21928 -0.02291 0.07210 0.55045 -0.32058 0.37365 -0.11120 0.23083
232 0.43846 -0.48032 0.43093 0.17478 -0.22481 -0.12354 -0.22375 0.22091 -0.37427 -0.24278 -0.14564 0.28009 0.24666 -0.22335 -0.91054 0.46413 0.06630 0.10244 0.23721 0.19697
233 0.16386 -0.85337 -0.87094 -0.17344 -0.62089 0.10023 -0.09012 -0.09483 -0.11013 -0.23876 0.34643 0.16368 0.04327 -0.27705 -0.17223 0.34148 -0.03291 -0.36784 -0.19496 -0.54616
234 0.08911 -0.35368 0.03159 0.11741 0.24690 -0.70755 -0.22049 0.46602 0.09855 -0.07883 -0.33979 -0.57843 0.01925 0.40028 0.44950 -0.46869 -0.02160 -0.06332 -0.07862 -0.52440
235 0.80120 -0.18846 -0.52942 -0.37694 -0.49753 -0.00642 0.00748 -0.70862 -0.06520 -0.11459 -0.14818 0.24316 0.30977 0.18334 -0.16862 0.58872 -0.65009 -0.26394 -0.23101 0.15558
236 0.32577 -0.36173 0.22701 0.06223 0.00129 0.30375 0.38045 -0.35474 0.06007 0.01654 -0.21393 -0.52873 0.11921 -0.19453 -0.20843 -0.98106 0.47078 0.43380 0.22463 0.14561
237 0.04809 -0.15612 -0.18146 0.12846 0.05302 -0.67731 -0.23035 0.47788 0.06859 0.14405 -0.25715 -0.62215 -0.28805 0.74472 0.39782 -0.24798 -0.28914 0.27947 -0.21417 -0.46288
238 -0.34958 0.11186 0.25687 -0.01942 -0.27602 -0.11913 -0.24710 0.35398 -0.17810 -0.00125 0.12564 0.12634 -0.20739 0.32127 -0.06019 -0.12306 -0.17303 0.43487 0.12890 0.10313
239 -0.42015 0.00598 -0.90314 -0.67715 0.10998 0.08988 -0.22549 0.01945 -0.10817 0.08038 0.13975 0.28293 0.75452 -0.00847 -0.18521 -0.08686 -0.02318 0.38860 0.02070 -0.03121
240 0.50312 -0.23946 0.32109 0.03447 0.33185 -0.07676 0.13671 -0.47257 0.05974 0.30224 -0.21095 0.15054 0.05423 0.14088 -0.17268 -0.00493 0.18819 -0.23225 -0.13451 -0.21565
241 0.41424 -0.44942 0.36526 0.06394 -0.23313 -0.07826 -0.25337 0.08604 -0.32975 -0.24743 -0.08217 0.21262 0.20474 -0.20726 -0.82997 0.45834 0.01956 0.04803 0.20605 0.14185
242 -0.12666 -0.16181 0.30549 0.16994 -0.04750 -0.73150 -0.35719 0.83251 0.06389 0.07829 0.04736 -0.51738 -0.24209 0.80386 0.63683 -0.27986 -0.35876 -0.07392 -0.13149 -0.45415
243 0.08344 0.35384 -0.74979 -0.11128 -0.11177 -0.31880 0.12737 -0.34914 -0.12208 0.16409 -0.33365 -0.71297 -0.56321 0.46916 0.13111 0.31135 -0.22347 0.51259 -0.09186 0.08064
244 0.17519 -0.52148 0.02220 0.17285 0.27368 -0.70166 -0.23183 0.56848 0.06800 0.02706 -0.35805 -0.46311 0.07126 0.28561 0.44511 -0.28611 -0.09855 0.03236 -0.10566 -0.52388
245 -0.06846 -0.00033 0.41565 0.10059 -0.66412 0.26881 0.53693 0.27108 0.06346 0.03770 0.21805 -0.48161 -0.39171 0.11226 -0.00209 -0.83988 0.33499 0.86701 0.46034 0.20358
246 0.28294 -0.44907 -0.78772 -0.90355 -0.26653 0.26282 -0.21671 0.02360 -0.16878 -0.04955 0.41407 0.05808 -0.02909 -0.31406 -0.00785 0.08909 -0.13196 -0.45722 0.27200 -0.11982
247 -0.38092 0.70388 -0.31388 0.04947 -0.37758 -0.25105 -0.04596 -0.00378 -0.26850 0.47149 0.00495 -0.36330 -0.64884 0.58395 -0.25723 0.17206 -0.51419 0.82612 -0.15019 0.22437
248 -0.02300 0.09347 0.06419 1.00462 -0.10789 -0.03637 0.57071 0.31344 -0.40218 -0.00684 0.04934 1.03042 -0.09262 0.33273 -0.20575 -0.19752 0.11170 -0.15691 0.32712 -0.18602
249 -0.25697 -0.46741 -0.42951 -0.43355 0.03622 0.39831 -0.48336 0.30122 0.33666 0.12427 -0.62233 0.40536 0.17346 -0.76616 -0.28164 -0.20012 0.17060 0.13629 0.31323 -0.27898
250 0.02202 -0.33478 0.05887 0.10950 0.11450 -0.68786 -0.31313 0.61645 0.08738 -0.03305 -0.18204 -0.51207 -0.09625 0.63164 0.46614 -0.38455 -0.25928 0.07291 -0.16594 -0.46350
251 0.41945 0.28361 -0.74227 -0.16430 -0.17067 0.05201 0.09080 -0.36571 0.02614 0.04833 -0.48264 -0.45907 -0.46770 0.16183 0.06053 0.28289 -0.15307 0.45399 0.01676 0.16186
252 0.10416 -0.35213 0.04543 0.15683 0.13883 -0.73640 -0.33877 0.55594 0.12253 -0.03662 -0.23445 -0.62399 -0.11881 0.57582 0.59769 -0.31514 -0.23153 -0.00869 -0.20401 -0.50713
253 0.47705 -0.31353 -0.48394 0.03253 0.28661 -0.36741 -0.29549 0.41825 -0.14353 0.12408 -0.80997 -0.60253 -0.02024 -0.40833 0.32413 -0.09949 0.34953 0.41207 0.17621 -0.17143
254 -0.13372 0.06971 -0.15303 0.85370 -0.08912 0.00708 0.35551 0.28323 -0.11998 -0.22159 0.08334 1.07396 0.23449 0.24541 -0.62125 0.06898 -0.18264 -0.23232 0.39065 -0.24166
255 0.16200 0.42911 -0.77676 0.03820 -0.08846 -0.21457 0.14081 -0.12064 -0.16617 0.25386 -0.46030 -0.57548 -0.69836 0.34245 0.04514 0.37564 -0.08731 0.63775 -0.06213 0.21890
256 0.61979 0.00225 -0.43168 -0.36599 0.43055 0.76430 -0.23298 0.62585 -0.49449 0.14549 -0.01026 -0.08070 0.14234 0.55265 0.08649 0.16741 0.34244 0.13903 -0.01216 0.16848
257 0.47260 0.09631 -0.17039 -0.37660 0.18434 -0.14520 -0.16367 -0.01740 0.32601 -0.15802 -0.33994 0.44578 0.38027 -0.04535 0.42248 0.28748 0.30422 -0.18405 -0.06007 0.69578
258 0.22237 -0.19081 0.27305 0.04321 -0.21593 0.23970 0.51539 -0.22255 0.11484 0.00850 -0.06894 -0.59361 0.00452 0.02051 -0.06620 -0.97547 0.40604 0.51489 0.22266 0.21895
259 0.34845 0.13771 -1.06462 -0.16673 -0.30030 -0.05038 0.05559 -0.22195 -0.20841 -0.00193 -0.52799 -0.60974 -0.57230 0.19050 0.05511 0.37720 -0.13882 0.64338 0.15641 0.02093
260 -0.16454 -0.21761 0.53097 0.10565 -0.40152 0.18616 0.54023 0.29568 0.10005 -0.10971 0.20128 -0.31328 -0.28104 0.39582 -0.12707 -0.94922 0.26025 0.75325 0.09610 0.20298
261 -0.14679 0.19464 -0.07852 0.71017 -0.21068 -0.00997 0.45710 0.44346 0.00708 -0.28859 0.24669 0.92966 0.22201 0.46373 -0.59246 0.01070 -0.21720 -0.15902 0.41077 -0.25494
262 -0.33782 -0.09481 -0.80327 -0.62302 0.01664 0.14416 -0.17264 0.18295 -0.11142 -0.03642 0.27761 0.44120 0.59768 -0.01807 -0.17246 -0.08099 0.03203 0.29516 -0.01942 -0.08196
263 -0.12676 -0.12763 0.34961 0.23267 -0.14460 -0.61080 -0.15840 0.79162 0.09401 -0.04720 -0.04025 -0.49608 -0.27893 0.68594 0.50817 -0.48816 -0.18052 0.20370 -0.12438 -0.16489
264 0.71665 0.17148 -0.01754 -0.33934 -0.09540 -0.15527 0.18387 -0.64756 0.29275 0.15537 -0.27197 0.11784 0.08129 0.34307 -0.15918 0.53541 -0.67762 -0.39621 -0.11267 0.22104
265 0.52944 0.15535 -0.00306 -0.19628 -0.31437 0.44896 0.23516 -0.30257 0.00212 0.12252 -0.22881 -0.62216 -0.08989 -0.34070 -0.03102 -0.55439 0.10158 0.38622 0.52075 0.21493
266 -0.07954 -0.37780 -0.34329 -0.02299 0.24806 -0.06716 -0.44343 0.24379 0.01894 0.16480 -0.83577 0.17287 0.05259 -0.87951 -0.14043 -0.20925 0.26183 0.55895 0.14991 -0.22187
267 -0.29797 -0.43002 -0.44461 -0.56865 -0.11954 0.19641 -0.59613 0.28951 0.46757 0.24937 -0.63616 0.33947 0.15851 -0.78206 -0.26273 -0.19086 0.22714 0.17107 0.34698 -0.18452
268 0.36003 0.28280 -0.80110 -0.09139 -0.16874 0.01439 0.20508 -0.38970 -0.05255 -0.00782 -0.47772 -0.54519 -0.50273 0.01076 0.07470 0.32150 0.02126 0.49163 0.03695 0.18621
269 0.22636 0.25312 0.24395 -0.22147 -0.65703 0.17514 0.17854 -0.38297 0.33883 0.18524 -0.04375 0.34156 -0.07728 0.59872 -0.32141 0.52057 -0.90123 -0.05543 -0.09660 0.03799
270 0.39263 -0.37713 0.52576 0.38168 -0.00758 0.02772 -0.08246 0.09897 -0.50156 -0.24630 -0.08101 0.25659 0.35595 -0.24635 -0.72102 0.31633 0.06072 -0.16112 0.15955 0.11491
271 0.32828 -0.33633 0.56440 0.41278 0.06176 0.14035 0.00600 0.05694 -0.48692 -0.29370 -0.14000 0.29477 0.49648 -0.26600 -0.66023 0.20960 0.15748 -0.26780 0.14153 0.11745
272 -0.23381 0.59770 -0.35757 0.04081 -0.55501 0.20266 -0.05783 0.06642 -0.08444 -0.11139 -0.20596 -0.23112 -0.81277 0.47496 -0.07038 0.06356 -0.36654 0.94434 0.18312 0.26073
273 0.42419 -0.61926 -0.24437 0.07901 -0.01457 -0.34819 0.46276 -0.53014 -0.01611 -0.12434 -0.17691 -0.44649 -0.13862 0.30256 -0.06708 -0.25094 0.38651 0.35804 -0.06093 -0.03067
274 -0.38877 0.17508 0.45627 0.59320 -0.44519 0.01693 0.28851 0.60697 -0.18091 0.06729 0.10031 0.81267 -0.46910 0.41211 -0.10987 -0.43891 -0.00293 0.31761 0.14029 -0.15264
275 0.78069 0.27633 -0.32381 -0.40231 0.31409 0.71309 -0.35028 0.48277 -0.48012 0.06717 0.13868 -0.17513 0.05190 0.53372 -0.00497 0.02655 0.08703 0.08836 -0.14418 0.04759
276 -0.54052 0.12684 0.20897 0.10282 -0.54189 -0.01063 -0.00273 0.55786 0.09612 0.10199 0.12448 0.09275 -0.42493 0.48640 -0.29453 -0.14720 -0.08632 0.32560 0.24018 0.07811
277 -0.63615 0.13119 0.51931 0.36641 -0.33679 -0.40629 -0.19468 0.56456 0.29668 -0.14239 0.36686 0.21830 -0.53366 0.50996 0.15524 -0.29630 -0.53768 0.17429 0.05517 -0.27365
278 0.18587 -0.31518 0.41076 0.03752 -0.12107 0.16357 0.55684 -0.15121 0.17048 -0.16759 0.01195 -0.33003 0.15440 0.08483 -0.09923 -0.92425 0.37941 0.46113 0.03672 0.20896
279 0.32624 -0.23628 -0.52590 0.09320 0.16743 -0.29454 -0.28493 0.21504 -0.15376 0.05500 -0.75145 -0.39936 -0.18424 -0.53369 0.18790 0.00254 0.24854 0.53587 0.24664 -0.05030
280 0.33931 0.01847 -0.15550 -0.24710 0.26773 -0.17354 -0.21343 -0.05885 0.22602 -0.13794 -0.27212 0.40522 0.33478 -0.10920 0.49951 0.16845 0.36527 -0.21720 -0.18779 0.58900
281 0.10397 -0.38826 0.44628 0.35966 0.46297 0.61285 0.24593 -0.17837 -0.24199 -0.36669 -0.07522 -0.47512 0.57856 -0.26574 -0.40558 -0.18299 0.09053 -0.21713 0.20593 0.27086
282 0.27108 0.23133 -0.40827 0.12247 -0.02472 -0.04628 -0.22179 -0.21543 -0.27807 0.13144 -0.51691 -0.21721 -0.43839 -0.06194 0.20866 0.47578 0.03483 0.54752 -0.00515 0.18619
283 0.40900 0.19515 -0.16677 -0.42336 0.23126 -0.20203 -0.27822 -0.10460 0.43543 -0.20050 -0.32958 0.67813 0.35697 -0.12374 0.69740 0.30058 0.37677 -0.31997 -0.21753 0.98970
284 -0.28861 -0.55641 0.09541 -0.02633 0.03130 -0.19552 -0.22451 0.21168 -0.04036 0.38960 -0.09456 0.44012 -0.61893 -0.90157 -0.11268 0.45545 0.09091 0.61292 0.23999 -0.36948
285 0.02825 -0.21011 -0.03611 0.02535 0.22475 -0.73801 -0.20127 0.31729 0.10184 0.07607 -0.25106 -0.63835 -0.19420 0.57580 0.50379 -0.28645 -0.11284 0.11044 -0.29552 -0.50282
286 0.10901 -0.24963 0.02747 0.06067 0.33854 -0.65051 -0.23614 0.34485 0.20175 -0.23711 -0.43017 -0.53796 0.15364 0.36990 0.53377 -0.27514 0.01857 -0.16213 -0.16765 -0.39207
287 -0.11550 -0.27053 0.76601 0.25149 -0.37658 0.08779 0.60721 0.20756 0.19986 0.03183 0.23815 -0.42885 -0.32962 0.44969 -0.06374 -0.85965 0.25407 0.70344 0.24459 0.11495
288 0.12448 -0.21790 0.08009 0.01880 0.20824 -0.66325 -0.31348 0.43246 0.05330 -0.09225 -0.28869 -0.47485 -0.06692 0.53203 0.46911 -0.39210 -0.12883 -0.04904 -0.10596 -0.43038
289 0.05986 -0.34562 0.46688 0.36456 0.49967 0.60152 0.14305 -0.14600 -0.17308 -0.40302 -0.00788 -0.45038 0.61136 -0.27334 -0.46791 -0.13889 -0.01122 -0.28440 0.15764 0.36558
290 0.15688 -0.03879 -0.10270 -0.04131 0.01358 0.05236 0.04164 -0.00243 -0.04033 0.01808 -0.13855 -0.00037 0.11577 -0.10014 -0.02862 0.06439 0.07450 -0.06350 0.10142 0.02462
291 -0.49897 -0.00447 0.38369 0.19727 -0.36173 -0.47070 -0.35027 0.72154 0.15913 -0.06533 0.19144 -0.20854 -0.43273 0.80327 0.26460 -0.44193 -0.40976 0.14045 -0.08971 -0.28810
292 -0.65617 0.06544 -0.77982 -0.60089 -0.03829 -0.25104 -0.16288 0.12467 0.04710 0.36664 -0.01629 0.11541 0.72637 -0.24920 -0.42220 -0.08961 -0.15601 0.05005 0.22175 0.23850
293 -0.39756 0.17025 0.51085 0.16254 -0.49686 0.01050 -0.18344 0.17821 0.17407 -0.05495 0.43908 0.12310 -0.41199 0.62791 -0.03215 -0.15547 -0.31553 0.28277 0.09564 0.22672
294 -0.28907 -0.14180 0.43310 0.15677 -0.23815 -0.67196 -0.36268 0.75515 0.18919 -0.09546 0.01175 -0.29551 -0.37156 0.76792 0.29695 -0.34991 -0.32127 0.06912 -0.11673 -0.40485
295 -0.54452 0.23036 0.09921 0.50741 -0.50045 0.07920 0.03337 0.49207 0.20175 -0.12058 0.32725 0.86892 -0.21800 0.61525 -0.61926 0.01996 -0.59784 0.30770 0.40892 -0.45687
296 -0.30842 -0.38053 -1.17110 -0.88035 -0.25451 0.41670 -0.34782 0.13982 -0.11244 -0.12529 0.56971 0.41603 0.33483 -0.17570 -0.20525 0.18806 -0.05427 0.20532 -0.05395 -0.42004
297 -0.25332 0.08222 -0.08681 0.81361 -0.19009 -0.13100 0.23664 0.36420 -0.04023 -0.06563 0.15079 0.92214 -0.04756 0.45746 -0.67254 -0.12515 -0.34894 0.00679 0.36472 -0.23643
298 -0.26880 0.06090 0.28632 0.63764 -0.28125 -0.03983 0.13744 0.45186 -0.04060 -0.08302 0.21984 0.62065 0.00928 0.68709 -0.60396 -0.17896 -0.37907 -0.03388 0.35915 -0.12415
299 -0.40668 -0.43172 -0.52534 -0.34727 -0.89103 0.12349 -0.25271 0.31528 0.06890 -0.05009 0.71644 0.26788 -0.37726 0.21658 -0.21315 0.22503 -0.41880 0.07537 -0.10951 -0.74843
300 0.02790 -0.05798 0.06618 -0.10445 0.10170 0.14912 0.03132 -0.11516 -0.13948 -0.00703 -0.04647 -0.08223 0.02849 -0.06286 -0.03004 0.08525 0.11685 -0.05665 0.00449 0.04430
301 0.12438 -0.37212 -0.25043 0.05101 0.15420 -0.11877 -0.23048 0.13088 -0.07050 0.06889 -0.61335 -0.07149 0.03324 -0.62148 -0.10619 -0.09695 0.19104 0.42741 0.19796 -0.09749
302 0.29181 -1.14475 -0.24688 0.00865 -0.49783 -0.37547 0.20061 -0.53633 -0.09767 -0.20242 -0.04500 -0.31545 0.05552 0.06336 -0.15024 0.15805 0.09485 -0.30402 0.08878 -0.61770
303 -0.20908 -0.10968 -0.01076 0.98381 -0.07453 0.05203 0.47423 0.38937 -0.43775 -0.03291 0.14278 1.05483 -0.03940 0.27772 -0.53523 -0.10615 0.01375 -0.06698 0.41075 0.00137
304 0.28527 0.17813 0.00913 -0.19174 0.11734 -0.07103 -0.04492 -0.14592 0.10030 -0.15138 -0.28560 0.26490 0.30537 0.05943 0.34344 -0.01495 -0.01587 0.03036 -0.05033 0.45563
305 -0.47024 0.06038 0.24645 0.62251 -0.43546 -0.06613 0.03746 0.53263 0.04830 -0.16325 0.35593 0.60400 -0.32380 0.72038 -0.50675 -0.35630 -0.51263 0.34084 0.39254 -0.28040
306 0.34140 -0.40936 0.28740 -0.05483 -0.07291 0.05085 0.65287 -0.29955 0.15467 -0.05869 0.07502 -0.44214 -0.01367 0.32680 -0.11176 -0.73736 0.41443 0.41608 0.02611 0.18768
307 0.11671 -0.20410 -0.14524 -0.03206 0.08822 -0.17234 -0.11942 -0.19445 -0.09092 -0.11403 -0.10672 0.01517 0.21713 -0.13271 -0.00024 0.00397 -0.01865 -0.21429 0.04507 -0.01842
308 0.15847 -0.07916 -0.29927 -0.02020 0.04969 0.05681 0.03330 -0.08441 -0.03748 -0.14407 -0.10249 0.06270 0.20194 -0.19643 -0.00495 0.17820 -0.02675 -0.11424 0.05395 0.05732
309 0.40276 -0.20586 0.58163 0.37694 0.27507 0.45523 -0.21531 -0.24569 -0.48014 0.10915 -0.16663 0.09910 0.39851 -0.36768 -0.25319 -0.33231 0.09346 -0.49121 0.19387 0.31014
310 0.67638 -0.10331 0.62095 0.30198 0.24273 0.61658 -0.36755 -0.09414 -0.28735 0.57416 -0.17325 0.16286 0.16973 -0.41211 -0.13590 -0.53069 -0.01306 -0.55391 0.38017 0.42601
311 0.30359 -0.31299 0.61605 0.52985 0.35874 0.31561 0.03203 -0.16447 -0.51405 -0.34576 -0.14235 0.06915 0.68573 -0.41858 -0.35378 -0.01524 -0.00248 -0.49642 0.00859 0.20309
312 -0.18765 0.05408 -0.29088 -0.13086 0.00624 -0.34661 -0.24850 -0.23547 0.09767 -0.10883 0.26875 0.37571 -0.07241 -0.17493 -0.27535 -0.61975 -0.14709 -0.23339 -0.19939 0.99411
313 -0.13865 0.14985 -0.16733 -0.27669 -0.15819 -0.29351 -0.39760 -0.09586 0.08214 -0.23638 0.41918 0.59433 -0.33969 -0.03081 -0.41936 -0.96503 0.04974 -0.16862 -0.55173 0.90781
314 -0.19933 0.24290 -0.44703 -0.12606 -0.05359 -0.38022 -0.21048 -0.19827 0.01636 -0.17780 0.24527 0.47110 0.09087 -0.09154 -0.37837 -0.64528 -0.32630 -0.32802 -0.18367 1.07198
315 0.35933 -0.34535 0.57470 0.46081 0.46033 0.55732 0.09596 -0.29557 -0.50286 -0.41664 -0.06450 0.20504 0.77041 -0.42465 -0.42091 -0.05888 -0.04542 -0.58512 -0.07750 0.31917
316 -0.15731 -0.03026 -0.47935 -0.21138 -0.02568 -0.32181 -0.19573 -0.07021 0.02542 -0.21705 0.28992 0.53069 -0.10911 -0.26911 -0.39133 -0.58425 -0.06839 -0.25951 -0.12775 1.20792
317 0.32618 -0.23554 0.29643 0.27143 0.33893 0.32232 0.01816 -0.27292 -0.46514 -0.27670 -0.16089 -0.00429 0.58138 -0.24585 -0.25223 0.07995 0.08591 -0.40687 -0.02400 0.05039
318 0.31389 -0.28008 0.54661 0.39968 0.25933 0.24497 -0.06614 -0.15225 -0.52953 -0.19571 -0.15929 -0.01280 0.47877 -0.41026 -0.46284 0.16116 0.16503 -0.32469 0.08242 0.09685
319 0.25105 -0.27041 0.53215 0.40371 0.21241 0.26618 0.00385 -0.06576 -0.57198 -0.28362 -0.18075 0.06960 0.56655 -0.32711 -0.51116 0.06226 0.14905 -0.33733 0.12508 0.12950
320 -0.13095 0.19138 -0.07965 -0.19166 -0.19374 -0.16160 -0.30574 0.00301 0.13046 -0.23723 0.39920 0.64893 -0.38260 -0.09632 -0.33094 -0.70779 0.05756 -0.24673 -0.40977 0.99367
321 0.33571 -0.29935 0.68369 0.47910 0.23773 0.32618 -0.00737 -0.11583 -0.62077 -0.22184 -0.12374 0.04667 0.59373 -0.41995 -0.52764 0.11279 0.14508 -0.46785 0.12058 0.10983
322 0.32030 -0.29375 0.67591 0.52907 0.34852 0.33712 0.00196 -0.10488 -0.69972 -0.29564 -0.17604 0.08552 0.67810 -0.42158 -0.55575 0.16581 0.16299 -0.46633 0.11845 0.12648
323 0.33234 -0.44254 0.60924 0.61139 0.32622 0.37894 0.12899 -0.11763 -0.72694 -0.40674 -0.16896 0.11421 0.70173 -0.34536 -0.62825 0.00824 0.15126 -0.40375 0.14124 0.12349
324 0.38684 -0.40667 0.57734 0.45184 0.27859 0.26134 -0.07569 -0.12267 -0.64061 -0.23418 -0.18981 0.06668 0.61554 -0.41965 -0.56516 0.13149 0.22754 -0.46451 0.13133 0.04674
325 0.32908 -0.30767 0.61168 0.49877 0.25651 0.23095 0.05590 -0.09923 -0.57183 -0.32177 -0.21938 0.09829 0.65271 -0.33877 -0.56227 0.00434 0.17365 -0.44332 0.12728 0.17735
326 0.31321 -0.32744 0.68112 0.50851 0.33178 0.34831 0.10346 -0.10695 -0.64554 -0.32155 -0.22184 0.09154 0.69126 -0.37986 -0.59884 0.06094 0.22592 -0.44820 0.15621 0.11646
327 0.30747 -0.40405 0.58090 0.39733 0.34041 0.37313 0.07862 -0.13621 -0.68262 -0.31937 -0.15156 0.03466 0.63934 -0.39002 -0.46290 0.12218 0.28993 -0.43451 0.19657 0.05009
328 0.35961 -0.39524 0.67124 0.37089 0.19943 0.23602 -0.07441 -0.10181 -0.64363 -0.23455 -0.12094 0.21168 0.52241 -0.41297 -0.48651 0.15306 0.26039 -0.41278 0.11931 0.09741
329 0.31414 -0.37566 0.70668 0.50436 0.25534 0.35793 0.01448 -0.13652 -0.63566 -0.28095 -0.14827 0.12705 0.63779 -0.39850 -0.55073 0.07985 0.25322 -0.43929 0.09776 0.14585
330 -0.79693 0.22931 0.17153 0.06362 -0.41655 -0.15923 -0.12201 0.29192 0.29397 -0.31217 0.73454 0.60054 -0.59664 0.14630 -0.25579 -0.60448 -0.31779 0.11833 -0.11797 0.91762
331 0.37596 -0.33368 0.62984 0.53077 0.36034 0.35629 -0.04559 -0.22298 -0.59843 -0.21972 -0.13053 0.16864 0.66982 -0.45442 -0.51390 0.15164 0.20381 -0.55132 0.05092 0.16133
332 0.32401 -0.27365 0.45074 0.42521 0.35402 0.33508 -0.10157 -0.17785 -0.48057 -0.15893 -0.03577 0.03871 0.59984 -0.24119 -0.42828 0.07225 0.10007 -0.52241 0.03041 0.07558
333 0.60031 -0.23276 0.42884 0.03971 0.42933 -0.13665 0.20655 -0.32815 -0.01660 0.13259 -0.15184 0.22028 -0.11151 0.37037 -0.16846 0.20502 0.11695 -0.19751 -0.29801 -0.20583
334 -0.57393 0.26831 0.41634 0.07325 -0.09907 -0.15427 -0.07964 0.20725 -0.01108 -0.10808 0.25338 0.16261 -0.36646 0.66023 -0.01772 -0.01874 -0.48907 0.24982 0.09684 0.08921
335 0.30225 -0.41986 0.63988 0.43252 0.31687 0.42299 0.03956 -0.13148 -0.56891 -0.25188 -0.17578 0.04692 0.67928 -0.40947 -0.47456 -0.01479 0.25233 -0.47384 0.13175 0.18825
336 0.34103 -0.39947 0.56204 0.48566 0.25004 0.38614 0.05435 -0.16075 -0.54194 -0.31082 -0.13720 0.06067 0.63088 -0.35782 -0.65760 0.05764 0.16925 -0.38072 0.18195 0.11198
337 0.01610 0.02799 -0.19287 -0.09486 -0.11363 -0.03956 -0.18522 -0.16918 0.30887 -0.50980 0.18002 0.64057 -0.28162 -0.20519 -0.24862 -0.71055 -0.10073 -0.22370 -0.20004 1.07206
338 -0.14713 0.01919 -0.42152 -0.04186 0.07213 -0.15102 -0.24221 -0.13119 0.08672 -0.41494 0.27873 0.52978 -0.20994 -0.37855 -0.30643 -0.59797 -0.06977 -0.32091 -0.17677 0.94528
339 -0.15930 -0.38657 0.92287 0.49590 0.14605 0.39522 -0.06709 0.20430 -0.44693 -0.50827 0.10186 -0.21743 0.41716 0.02077 -0.60118 -0.26749 -0.20281 -0.08612 0.20922 0.14532
340 -0.19902 -0.08699 -0.40899 -0.06737 -0.04474 -0.13597 -0.15655 -0.13848 0.23153 -0.49283 0.31274 0.66572 -0.27940 -0.18751 -0.33502 -0.58512 -0.14129 -0.11351 -0.11566 1.22522
341 -0.12902 0.03172 -0.14534 0.02484 -0.05429 -0.15669 -0.13483 -0.22349 0.15813 -0.35183 0.27799 0.51656 -0.24509 -0.16129 -0.31512 -0.68539 -0.10839 -0.17489 -0.21635 0.95592
342 -0.23019 -0.14876 -0.23489 -0.05743 -0.08700 -0.01931 -0.11525 -0.13895 0.35250 -0.49660 0.36755 0.63215 -0.33052 -0.16088 -0.32648 -0.58490 -0.07776 -0.06021 -0.03406 1.07400
343 -0.10657 0.06747 -0.21822 -0.00423 -0.05119 -0.12791 -0.14318 -0.21121 0.19994 -0.40964 0.31401 0.51423 -0.31461 -0.21406 -0.29655 -0.75844 -0.11555 -0.18796 -0.22478 1.11248
344 -0.46656 0.20075 0.11514 -0.03156 -0.34289 -0.16334 -0.19810 0.24457 0.23244 -0.23557 0.57177 0.50681 -0.67892 0.05691 -0.35193 -0.70950 -0.33406 0.02553 -0.05097 1.00647
345 0.28412 -0.38686 0.71875 0.45109 0.36419 0.43384 0.03259 -0.00425 -0.68080 -0.47541 -0.13680 -0.06171 0.67695 -0.40807 -0.60110 0.05254 0.09406 -0.41181 0.13298 0.27159
346 0.39032 -0.21949 0.44093 0.41602 0.44533 0.44755 0.11076 -0.31360 -0.41320 -0.31935 -0.20544 0.13978 0.70228 -0.36779 -0.30468 -0.04881 -0.01439 -0.46116 -0.10281 0.30328
347 0.30148 -0.34722 0.23806 0.31108 0.51579 0.48274 0.06915 -0.25983 -0.23792 -0.28723 -0.10119 -0.29007 0.64337 -0.30402 -0.27995 -0.15141 0.03629 -0.44276 0.12642 0.27586
348 0.21966 -0.35407 0.37061 0.40210 0.50860 0.60394 0.23951 -0.26044 -0.34630 -0.48129 -0.10456 -0.35872 0.72186 -0.27019 -0.48211 -0.12653 0.05994 -0.30122 0.15143 0.28704
349 -0.24026 -0.16783 -0.33743 -0.00306 -0.16342 -0.04446 -0.05560 -0.05780 0.27956 -0.56115 0.31446 0.62027 -0.29766 -0.18623 -0.40832 -0.64395 -0.09406 -0.04789 -0.01517 1.15531
350 -0.39604 0.52352 0.10910 -0.98827 -0.22727 -0.13717 -0.14202 0.42750 -0.44743 -0.06287 -0.02815 -0.14204 0.39430 -0.19615 -0.10934 -0.33973 -0.09388 -0.00642 0.32541 -0.01009
351 -0.32580 0.55026 0.00184 -1.02743 -0.31557 -0.27667 -0.11005 0.49621 -0.50487 0.01729 0.08105 0.01093 0.21148 -0.38189 -0.35022 -0.16021 -0.22392 -0.03486 0.47867 -0.07258
352 -0.16032 0.52790 -0.03837 -1.03636 -0.20222 -0.32892 -0.09649 0.31731 -0.42543 -0.03058 0.05743 -0.04169 0.37036 -0.33722 -0.29376 -0.23069 -0.19661 -0.22557 0.40913 0.09994
353 -0.20496 0.62191 0.05979 -1.06775 -0.28551 -0.18082 -0.03550 0.35070 -0.58043 -0.00386 -0.11772 -0.00934 0.50087 -0.36504 -0.18410 -0.20377 -0.20629 -0.14586 0.30069 -0.00157
354 -0.77669 0.68034 0.25122 -0.63205 -0.55028 -0.14689 -0.03875 0.70845 -0.27398 -0.07872 0.26897 -0.00691 0.01598 0.36452 -0.03734 -0.43062 -0.45160 0.21274 0.29993 -0.05754
355 -0.24381 0.59956 -0.13598 -1.01114 -0.31475 -0.17103 0.06500 0.31436 -0.55966 -0.05005 -0.17338 -0.06275 0.53825 -0.28977 -0.22144 -0.24009 -0.25669 -0.09109 0.24949 -0.03294
356 -0.52809 0.60897 0.32157 -0.63196 -0.49670 -0.13976 -0.22531 0.66109 -0.47175 -0.01818 0.23824 0.04250 0.02913 0.44489 -0.18738 -0.30300 -0.51431 0.26800 0.29075 -0.08656
357 -0.34045 0.61160 -0.10749 -1.10174 -0.27945 -0.18028 -0.00511 0.42534 -0.64324 0.00253 -0.00535 -0.13486 0.39240 -0.35178 -0.15355 -0.12414 -0.29933 -0.14308 0.23817 -0.13828
358 -0.25856 0.53001 -0.33197 -1.07186 -0.22572 -0.22028 0.09406 0.15465 -0.71751 -0.22391 -0.08428 -0.03108 0.42116 -0.20437 -0.22736 0.00485 -0.30758 -0.06596 0.38090 0.03245
359 -0.26623 0.63534 -0.13027 -1.14798 -0.31678 -0.18870 -0.02701 0.38104 -0.56994 -0.00658 -0.12572 -0.05063 0.49896 -0.31543 -0.19480 -0.22089 -0.23425 -0.11313 0.33844 -0.09618
360 -0.28183 0.66707 -0.03791 -1.08281 -0.33428 -0.18741 0.01049 0.30859 -0.58920 -0.04856 -0.11078 -0.08929 0.40891 -0.36251 -0.16902 -0.18004 -0.32704 -0.06317 0.31662 -0.09762
361 -0.14700 0.61253 -0.08286 -1.05436 -0.20419 -0.23505 0.07925 0.24827 -0.53724 -0.06076 -0.19429 -0.09399 0.48652 -0.37567 -0.16692 -0.11229 -0.29450 -0.19799 0.28457 -0.06508
362 -0.65894 0.52779 0.50010 -0.50165 -0.58555 -0.17520 -0.11829 0.42655 -0.29457 -0.33737 0.13544 0.17495 0.04549 0.17559 -0.38149 -0.43705 -0.38749 0.21679 0.25243 0.00307
363 -0.13401 0.31016 -0.15224 -0.77189 -0.15696 -0.08283 0.16624 0.05460 -0.65738 -0.26936 -0.11564 0.06629 0.39606 -0.21678 -0.24508 0.06340 -0.10510 -0.18155 0.33110 0.01473
364 -0.23730 0.48888 -0.05627 -0.85311 -0.25470 -0.22796 -0.03099 0.31494 -0.46122 0.06743 -0.03913 -0.00790 0.34856 -0.32762 -0.11973 -0.09735 -0.16995 -0.14583 0.26678 -0.08261
365 0.07401 0.00547 0.15969 0.01901 0.39234 0.19225 -0.37037 -0.99351 0.18576 -0.16512 0.06492 0.07271 0.31983 -0.03835 0.09632 -0.36585 -0.24818 0.22704 -0.41105 -0.23533
366 -0.15108 -0.01991 0.10077 -0.02437 0.25994 0.23189 -0.46218 -1.09707 0.17869 -0.36297 0.02197 -0.19134 0.37046 0.02620 0.11850 -0.41799 -0.49281 0.21964 -0.49301 -0.33937
367 -0.05794 0.05223 0.16784 0.00626 0.30069 0.23844 -0.37620 -1.02366 0.21951 -0.27634 0.00803 -0.02995 0.39216 -0.09519 0.14343 -0.37921 -0.21206 0.34161 -0.33680 -0.29444
368 -0.12940 0.16316 0.05244 -0.05875 0.33499 0.26126 -0.35366 -1.15675 0.12099 -0.40040 0.06660 -0.07002 0.38574 -0.02753 0.13690 -0.44802 -0.42499 0.35039 -0.46482 -0.19970
369 -0.19110 0.11010 0.14449 0.00291 0.28538 0.27699 -0.44946 -1.18593 0.20486 -0.42021 0.06292 -0.02963 0.43557 0.10865 0.17089 -0.50777 -0.49749 0.41132 -0.52065 -0.26996
370 -0.17782 0.05708 0.16832 -0.00324 0.23831 0.23461 -0.41562 -1.03834 0.16662 -0.44742 0.07333 0.01724 0.38742 0.09338 0.12673 -0.48982 -0.44063 0.21162 -0.48655 -0.20527
371 -0.12648 0.11396 0.15558 -0.00720 0.24300 0.21119 -0.35706 -1.02924 0.16393 -0.38143 0.08391 0.00150 0.37315 0.17433 0.13679 -0.48665 -0.48093 0.31548 -0.52154 -0.21601
372 0.25715 0.03942 0.08319 -0.02560 0.52639 0.16722 -0.41450 -1.13867 0.20657 -0.23277 -0.14298 0.10803 0.59966 -0.14485 0.16943 -0.44132 -0.14275 0.34660 -0.30332 -0.34846
373 0.09122 0.01846 0.04080 -0.06040 0.40674 0.21021 -0.41857 -1.03950 0.16289 -0.26481 0.01348 0.07628 0.50327 -0.16333 0.18461 -0.36460 -0.16349 0.29844 -0.24125 -0.34271
374 -0.09787 0.04818 0.13958 -0.05613 0.28375 0.17347 -0.42853 -1.06310 0.27891 -0.40460 -0.01183 -0.08896 0.52884 -0.11777 0.21961 -0.51966 -0.21817 0.24262 -0.44136 -0.19992
375 -0.39072 0.20533 0.22666 0.03230 -0.02272 0.31119 -0.30534 -0.71342 0.16554 -0.36048 0.25348 0.03189 0.22588 0.30188 0.12336 -0.40551 -0.62829 0.50045 -0.32703 -0.20849
376 -0.64343 0.26434 0.43853 0.24593 -0.01712 0.29948 -0.33265 -0.82764 0.02058 -0.48503 0.30570 0.13952 0.09643 0.46466 0.07032 -0.56222 -0.69189 0.66710 -0.45724 -0.22683
377 0.29201 -0.03819 0.20853 -0.03598 0.57050 0.18833 -0.30601 -1.24157 0.25464 -0.07502 -0.07699 0.17746 0.39830 0.03744 0.02260 -0.45724 -0.18077 0.25474 -0.44615 -0.49725
378 -0.33918 0.10320 0.13357 0.00858 0.23164 0.26518 -0.38481 -1.10396 0.16954 -0.48991 0.11373 -0.08366 0.38745 0.06061 0.12028 -0.42601 -0.45037 0.27177 -0.46797 -0.15732
379 -0.21689 0.14252 0.19914 0.02949 0.28405 0.30136 -0.31443 -1.11035 0.12230 -0.46050 0.07448 0.02318 0.41620 -0.04466 -0.00428 -0.40384 -0.38644 0.19848 -0.43944 -0.08234
380 -0.75933 0.20851 0.57795 0.23264 -0.24856 -0.02157 -0.45547 -0.26233 0.10352 -0.43358 0.28930 0.07768 -0.03991 0.67292 0.07905 -0.38173 -0.75076 0.44181 -0.23838 -0.29797
381 -0.20389 0.12905 0.25374 0.05384 0.18004 0.30393 -0.26442 -0.97047 0.14616 -0.46891 0.09654 -0.06279 0.34504 0.07555 0.05143 -0.47710 -0.40956 0.17526 -0.46199 -0.01227
382 -0.17899 0.08943 0.06263 -0.16226 0.26975 0.24996 -0.40646 -1.10999 0.23036 -0.37241 0.03117 -0.08867 0.45324 -0.13288 0.22385 -0.40259 -0.28056 0.24709 -0.45967 -0.20641
383 -0.04608 0.03001 0.04773 -0.03412 0.43551 0.12967 -0.46081 -0.99252 0.18142 -0.28841 -0.02823 -0.01558 0.50093 -0.23280 0.23197 -0.33603 -0.17002 0.52819 -0.17218 -0.41864
384 -0.39928 -0.06090 1.07751 0.75713 -0.26507 0.18129 -0.08324 0.33249 -0.50091 -0.38492 0.18324 0.16788 0.05910 0.23343 -0.65159 -0.01502 -0.23229 0.14881 0.06049 0.05542
385 -0.43114 0.35018 0.51025 -0.02642 0.00058 0.27350 -0.35561 -0.58144 0.13935 -0.44595 0.11049 0.13505 0.21416 0.28254 0.02637 -0.44612 -0.49970 0.37782 -0.38005 -0.08171
386 -0.11777 0.01860 0.10685 -0.05958 0.27293 0.17869 -0.36868 -0.93626 0.24203 -0.35980 -0.03504 -0.08801 0.40792 -0.03141 0.22648 -0.44522 -0.25478 0.26107 -0.36422 -0.25181
387 -0.42587 -0.06619 0.39481 0.04078 0.01815 0.28882 -0.48487 -0.72697 0.30148 -0.48146 0.21763 -0.12247 0.14932 0.45536 0.19819 -0.42662 -0.66239 0.43739 -0.40536 -0.36482
388 -0.24318 0.08814 0.06135 -0.06715 0.21182 0.33917 -0.44942 -1.09789 0.22738 -0.41157 0.05317 -0.15169 0.33139 -0.00388 0.22097 -0.38026 -0.45696 0.40456 -0.38697 -0.26836
389 -0.20509 0.09100 0.25441 -0.04700 0.24843 0.32001 -0.42673 -1.04834 0.26334 -0.43656 0.05192 -0.09569 0.40755 0.04207 0.21601 -0.49998 -0.39151 0.31378 -0.45143 -0.31724
390 -0.24326 0.09641 0.12482 -0.06783 0.22664 0.33809 -0.39775 -1.14592 0.24491 -0.40594 0.01056 -0.08127 0.36805 -0.03431 0.13822 -0.43215 -0.37330 0.38488 -0.42533 -0.22849
391 -0.13012 0.05639 0.03931 -0.06963 0.32711 0.26597 -0.39091 -1.07531 0.15417 -0.44302 -0.09206 -0.14208 0.55793 -0.13024 0.19148 -0.29130 -0.27452 0.27989 -0.39130 -0.31619
392 -0.29290 0.10438 0.16977 -0.07227 0.16729 0.31245 -0.49448 -1.11226 0.22065 -0.48260 0.04814 -0.13917 0.43172 0.07981 0.17074 -0.48479 -0.48104 0.30212 -0.47348 -0.25459
393 -0.23971 0.09495 0.12763 -0.08232 0.20294 0.32093 -0.42304 -1.03471 0.19644 -0.42587 0.03700 -0.17363 0.38684 -0.16944 0.18256 -0.39088 -0.32253 0.27539 -0.35430 -0.16756
394 -0.19708 0.09092 0.17014 0.01471 0.25194 0.32487 -0.32694 -1.06482 0.14873 -0.47027 0.00975 -0.12510 0.39239 -0.01486 0.07650 -0.50257 -0.33439 0.24550 -0.40201 -0.13043
395 -0.35055 0.33227 0.22229 0.18159 0.13032 0.34363 0.24408 -0.06011 0.27522 0.53767 0.61087 -0.09673 -0.24765 -0.64707 0.33240 0.74085 0.23239 -0.25855 -0.32736 -0.04083
396 -0.28279 0.33771 0.20220 0.14166 0.15663 0.28659 0.22341 -0.25231 0.33102 0.48690 0.58162 -0.08431 -0.32145 -0.81535 0.35859 0.87085 0.30996 -0.27908 -0.25581 0.10197
397 -0.72986 0.40017 0.63433 0.42805 -0.22238 0.06529 -0.01888 0.29393 0.36916 0.57446 0.78502 0.04547 -0.64094 -0.32513 0.40285 0.70964 0.01058 0.05077 -0.30361 -0.01333
398 -0.33689 0.34791 0.16976 0.13738 0.02460 0.24574 0.26874 -0.11491 0.38267 0.45316 0.55511 -0.12724 -0.29657 -0.62915 0.32575 0.73901 0.25650 -0.21529 -0.22888 -0.01151
399 -0.28428 0.35846 0.11674 0.09871 0.11718 0.12271 0.08929 -0.08090 0.33640 0.31333 0.47183 -0.00448 -0.32160 -0.59003 0.34042 0.72783 0.27991 -0.21726 -0.16006 0.12783
400 -0.30583 0.44312 0.29570 0.04425 -0.02808 0.26114 0.04123 -0.15706 0.28301 0.48764 0.53123 -0.05751 -0.38625 -0.64537 0.25197 0.63048 0.07872 -0.10442 -0.11718 0.08211
401 -0.30542 0.21742 0.15643 0.24501 0.15072 0.22540 0.23805 -0.14581 0.23421 0.45982 0.49244 -0.15516 -0.32034 -0.67357 0.30212 0.77250 0.29136 -0.21013 -0.17941 -0.02283
402 -0.35578 0.31514 0.30252 0.22746 0.18350 0.27376 0.21761 -0.14026 0.29087 0.51860 0.59465 -0.10376 -0.37433 -0.70705 0.33377 0.81737 0.21045 -0.19854 -0.21829 -0.04943
403 -0.29792 0.23217 0.15005 0.24018 0.11821 0.15354 0.26867 -0.08222 0.23974 0.44030 0.54132 -0.08881 -0.30253 -0.65580 0.31313 0.78503 0.28504 -0.29214 -0.25153 -0.02769
404 -0.42697 0.24589 0.17371 0.22554 0.14387 0.28165 0.15054 -0.16995 0.22080 0.49348 0.66137 -0.08202 -0.40963 -0.67024 0.30613 0.78593 0.17887 -0.16522 -0.19705 0.00564
405 -0.34523 0.39788 0.20004 0.23856 0.06719 0.03175 0.03647 -0.17419 0.37774 0.35099 0.52530 0.10971 -0.28070 -0.75155 0.37257 0.91298 0.24752 -0.35220 -0.27248 0.27810
406 -0.59095 0.27081 0.20173 0.23250 0.31231 0.08626 -0.11605 -0.05783 0.16683 0.47384 0.77136 -0.01392 -0.58109 -0.57769 0.34371 1.03855 0.04800 -0.07415 -0.06359 0.15629
407 -0.30542 0.39865 0.22320 0.13087 0.05919 0.16826 0.16003 -0.13482 0.46949 0.49684 0.55251 -0.08315 -0.37564 -0.82040 0.41250 0.84985 0.35240 -0.24034 -0.27667 0.11709
408 -0.19813 0.70718 0.16184 -0.23047 0.16550 0.37330 0.25436 -0.10767 0.28899 0.50674 0.60824 -0.28681 -0.49695 -0.65724 0.21594 0.65048 0.01717 -0.22872 -0.08256 -0.14003
409 -0.71984 0.30131 0.66193 0.19468 -0.27130 0.29878 -0.01296 0.22734 0.39031 0.61039 0.89811 -0.03424 -0.61970 -0.42788 0.37316 0.56946 -0.10583 0.23280 -0.24749 -0.08605
410 -0.32445 0.30220 0.27256 0.16368 -0.02391 0.34814 0.17145 0.03741 0.31253 0.52747 0.55404 -0.05913 -0.29867 -0.65740 0.34425 0.62750 0.24592 -0.11793 -0.22293 0.09290
411 -0.36363 0.51107 0.27097 0.11381 -0.04052 0.21398 0.04990 -0.15116 0.46151 0.41332 0.57447 0.02265 -0.57507 -0.62339 0.44190 0.85574 0.12086 -0.16323 -0.15383 0.19176
412 -0.38480 0.37293 0.29441 0.13701 0.08776 0.22134 0.31251 -0.16543 0.38221 0.52275 0.65442 -0.10168 -0.34967 -0.88111 0.33452 1.00779 0.32674 -0.23960 -0.19133 0.03807
413 -0.20047 0.29223 0.00412 0.14439 0.11772 0.23541 0.25786 -0.20907 0.30767 0.35916 0.39908 -0.01154 -0.16237 -0.71853 0.31732 0.71658 0.31565 -0.30594 -0.22659 0.06996
414 -0.54515 0.30759 0.52901 0.03909 -0.39593 0.13716 0.01799 0.15087 0.26219 0.33546 0.52094 0.14806 -0.35987 -0.08527 0.16462 0.30163 -0.05553 0.18758 -0.08931 -0.16759
415 -0.35384 0.44774 0.34751 0.08327 0.08365 0.20778 0.11603 -0.12473 0.41828 0.48593 0.58125 -0.06479 -0.40701 -0.70051 0.36531 0.90474 0.15007 -0.23701 -0.15063 0.09247
416 -0.55440 0.73058 0.54794 0.06972 -0.51192 0.26599 0.27179 0.30344 0.55521 0.40742 0.80086 0.05264 -0.77591 -0.09049 0.20105 0.38329 -0.13457 0.14672 0.03320 0.02972
417 -0.21324 0.48079 0.21455 -0.10327 0.21914 0.30211 0.25666 -0.08436 0.26971 0.43163 0.48492 -0.21948 -0.40056 -0.70010 0.21807 0.70340 0.17977 -0.19728 -0.17021 -0.17238
418 -0.34718 0.38534 0.25923 0.14870 0.10189 0.27933 0.20226 -0.07877 0.27343 0.51151 0.61331 -0.06888 -0.41463 -0.66856 0.34891 0.77992 0.24041 -0.16838 -0.17610 0.06961
419 -0.44196 0.64209 0.53772 -0.10721 -0.23345 0.21586 0.21360 0.26018 0.28891 0.41812 0.74298 -0.16390 -0.63695 -0.16812 0.09271 0.41579 -0.11637 0.08433 0.05475 -0.14898
420 -0.40982 0.36678 0.17618 0.12947 0.08466 0.34938 0.13375 -0.09098 0.25319 0.60141 0.58582 -0.07995 -0.25671 -0.77552 0.32253 0.72450 0.19477 -0.17631 -0.24436 0.08803
421 -0.38545 0.41800 0.31875 0.08870 0.13383 0.40098 0.24611 -0.08398 0.33914 0.53818 0.65024 -0.13596 -0.33155 -0.76135 0.35671 0.87476 0.21479 -0.17483 -0.17604 -0.14252
422 -0.35123 0.34659 0.32535 0.10895 0.08886 0.32639 0.19175 -0.05932 0.30686 0.48350 0.57944 -0.06225 -0.32179 -0.67292 0.25975 0.77119 0.16488 -0.16347 -0.16081 -0.11063
423 -0.34690 0.52381 0.31884 0.03802 0.13106 0.30686 0.20168 -0.15417 0.33341 0.51096 0.61515 -0.18760 -0.50507 -0.70280 0.26073 0.81598 0.10940 -0.14441 -0.12785 -0.05030
424 -0.42844 0.42671 0.50671 -0.01047 -0.21393 0.20267 0.07180 0.17088 0.29149 0.27058 0.59443 -0.03516 -0.52104 -0.20856 0.17374 0.44663 0.05657 -0.02881 -0.02157 0.10839
425 -0.35916 0.46171 0.36569 0.16323 0.13102 0.30571 0.21155 -0.07675 0.36534 0.44565 0.68194 -0.12225 -0.51064 -0.72853 0.37879 0.81866 0.19339 -0.20025 -0.20584 -0.03533
426 -0.18331 0.33665 0.09438 0.08398 0.10930 0.05184 0.10543 -0.25724 0.27771 0.29410 0.31358 -0.09669 -0.13012 -0.63082 0.24375 0.81221 0.24334 -0.30024 -0.08655 0.17236
427 -0.35290 0.26935 0.25919 0.03459 0.15056 0.23025 0.14561 0.01529 0.18834 0.63074 0.59747 -0.00918 -0.36806 -0.59900 0.17060 0.69737 0.08883 -0.10537 -0.06875 -0.05785
428 -0.28225 0.18594 0.03615 0.09059 0.24390 0.18792 -0.07138 -0.24442 -0.05378 0.37419 0.36938 -0.09251 -0.19810 -0.51318 0.13983 0.59196 -0.02908 -0.13773 -0.03646 0.00207
429 -0.69663 0.33505 0.51654 0.21522 -0.31079 0.20345 0.18374 0.51699 0.35706 0.40842 0.86498 -0.01696 -0.69142 -0.22127 0.35610 0.51863 0.02038 0.15937 -0.11022 0.13554
430 -0.38278 0.08323 0.00722 0.14389 0.39368 0.06371 -0.28060 -0.33862 -0.31984 0.51366 0.50103 -0.12581 -0.54306 -0.16352 0.15643 0.87071 -0.35028 0.11188 0.20355 0.05177
431 -0.54170 0.06795 0.23612 0.15294 0.37141 0.13736 -0.28410 -0.12951 -0.31144 0.53704 0.73043 -0.14796 -0.65060 -0.19883 0.17384 0.90197 -0.37940 0.09604 0.30387 -0.02556
432 -0.66198 -0.00754 0.13124 0.13928 0.14611 -0.01632 -0.35104 0.13368 -0.48848 0.30773 0.70848 -0.02053 -0.57359 0.32635 0.06063 0.62302 -0.54629 0.24618 0.28096 -0.01112
433 -0.56240 0.05211 0.06451 0.03764 0.36852 0.16042 -0.39356 -0.28670 -0.41111 0.50807 0.77705 -0.14694 -0.63868 -0.21128 0.08875 1.00611 -0.51276 0.08621 0.33037 0.06664
434 -0.56642 0.03740 0.08793 0.11355 0.40667 0.15219 -0.33426 -0.22490 -0.19804 0.46773 0.78785 -0.14718 -0.58756 -0.39802 0.23948 1.04074 -0.20681 0.06164 0.12559 0.04593
435 -0.69042 -0.01624 0.38046 0.26117 0.04069 0.03636 -0.25448 0.07157 -0.29120 0.29227 0.70287 -0.07392 -0.78888 0.31002 0.00925 0.55584 -0.63635 0.38953 0.35818 -0.12562
436 -0.60428 -0.03821 0.26887 0.19019 0.19963 0.10681 -0.48073 0.05243 -0.63646 0.24683 0.70564 -0.03377 -0.60316 0.40541 -0.19480 0.52833 -0.73790 0.48335 0.54563 0.02836
437 -0.49007 -0.01111 0.06091 0.14108 0.37227 0.13449 -0.36949 -0.27264 -0.45062 0.51243 0.64063 -0.07442 -0.52874 -0.11104 0.08223 0.86883 -0.42477 0.08379 0.31965 0.04715
438 -0.65413 -0.03829 0.43072 0.13474 0.14110 0.04156 -0.45747 0.13901 -0.52029 0.18732 0.65035 -0.07677 -0.67203 0.45978 -0.07642 0.12665 -0.66396 0.53152 0.36722 0.03142
439 -0.32323 -0.02459 -0.04358 0.12741 0.51260 0.13060 -0.27359 -0.33503 -0.40950 0.53539 0.54659 -0.12625 -0.49842 -0.21040 0.15291 0.93490 -0.27141 0.02121 0.28967 0.09321
440 -0.51472 0.08064 0.11628 -0.10872 -0.00213 0.25679 -0.17141 -0.02714 -0.10437 0.49073 0.81408 -0.05228 -0.65781 -0.37299 0.00827 0.78102 -0.33577 0.13272 0.14195 -0.28074
441 -0.40156 0.32215 0.31711 -0.02933 0.12723 0.40690 0.19903 0.03958 0.20790 0.66644 0.73339 -0.09343 -0.46564 -0.59974 0.24740 0.81127 0.02109 -0.13548 -0.05379 -0.16320
442 -0.54816 0.32276 0.43740 -0.01409 -0.06351 0.32342 0.13529 0.40235 0.33784 0.41122 0.81574 0.04723 -0.55854 -0.35064 0.11882 0.43968 0.11157 -0.06691 -0.15065 -0.12084
443 -0.24775 0.23743 0.23311 -0.11176 0.23021 0.37314 0.21580 -0.05920 0.20256 0.49984 0.55513 -0.12807 -0.32995 -0.61692 0.30704 0.66558 0.19053 -0.08950 -0.12324 -0.19363
444 -0.26882 0.27686 0.24524 0.03945 0.16957 0.38758 0.26830 -0.05851 0.21900 0.49855 0.54753 -0.03743 -0.25056 -0.71191 0.27345 0.72023 0.25490 -0.21590 -0.15395 -0.07068
445 -0.32571 0.30809 0.31022 -0.12617 0.24511 0.39669 0.23193 -0.10688 0.31303 0.58445 0.74210 -0.18465 -0.45610 -0.68247 0.31322 0.75604 0.10749 -0.01945 -0.09245 -0.19293
446 -0.28702 0.30220 0.24818 0.10712 0.10102 0.33032 0.09460 -0.03320 0.26416 0.56910 0.51622 -0.04423 -0.30890 -0.65948 0.26946 0.64645 0.18426 -0.12035 -0.13723 0.07671
447 -0.28920 0.28110 0.25446 -0.20162 0.19151 0.38910 0.20798 -0.10453 0.25472 0.52474 0.57259 -0.26117 -0.39099 -0.63947 0.36485 0.70610 0.20533 0.00269 -0.03852 -0.26255
448 -0.39933 0.29026 0.14881 -0.00374 0.34742 0.33581 -0.05330 -0.18090 -0.12114 0.47581 0.73702 -0.04722 -0.47474 -0.48248 0.14011 0.94797 -0.15028 -0.05676 0.14227 0.01328
449 -0.30778 0.46354 0.36793 0.12370 0.14380 0.28498 0.26407 -0.16686 0.37597 0.55433 0.54842 -0.08187 -0.35656 -0.78267 0.29753 0.86258 0.24666 -0.25932 -0.23459 0.02174
450 -0.59671 0.38630 0.56974 0.01267 -0.25757 0.24941 0.15828 0.31097 0.39328 0.57895 0.78659 -0.10309 -0.69098 -0.25756 0.28710 0.47965 -0.21077 0.00607 -0.12725 -0.26926
451 -0.33219 0.35055 0.26267 0.10975 0.10239 0.29956 0.22451 -0.13955 0.32319 0.49603 0.58850 -0.10425 -0.33489 -0.76808 0.32026 0.85408 0.32212 -0.18554 -0.22641 -0.03715
452 -0.75523 0.42084 0.53722 -0.11250 -0.22411 0.33628 0.06947 0.50924 0.27705 0.31760 0.90195 -0.18525 -0.70089 -0.26788 0.28452 0.68892 -0.03494 0.10444 0.04835 -0.12075
453 -0.28866 0.26960 0.26666 -0.09710 0.16411 0.42330 0.25206 -0.15171 0.21121 0.49754 0.62959 -0.14245 -0.35624 -0.61703 0.24102 0.67765 0.12003 -0.07399 -0.06469 -0.20830
454 -0.78781 0.22898 0.35431 0.12296 -0.06779 0.07860 -0.16755 0.30779 0.09572 0.22325 0.90194 0.12079 -0.68375 0.03123 -0.02809 0.39520 -0.33354 0.13530 0.12062 0.12495
455 -0.27253 0.25379 0.14381 -0.04463 0.20896 0.30244 0.13092 -0.05382 0.19687 0.57206 0.64308 -0.16336 -0.45407 -0.63159 0.24683 0.86993 0.10433 -0.14822 -0.03256 -0.07965
456 -0.41646 0.42730 0.61084 0.11266 -0.36196 0.32755 0.28919 0.23804 0.48075 0.47276 0.60591 -0.02710 -0.60598 -0.22024 0.26472 0.28361 0.08110 0.08969 -0.14274 -0.12566
457 -0.23002 0.19656 0.21159 -0.19610 0.23480 0.34830 0.21501 0.02353 0.23678 0.43891 0.62954 -0.16810 -0.31472 -0.62342 0.27593 0.64427 0.17177 -0.06721 -0.02052 -0.26574
458 -0.38880 0.38508 0.33373 0.03195 0.15080 0.35556 0.25011 -0.05809 0.34292 0.55078 0.70231 -0.20025 -0.38586 -0.76685 0.36661 0.80848 0.28528 -0.18198 -0.16410 -0.06756
459 -0.28828 0.24942 0.43851 -0.14708 0.23750 0.37587 0.25547 -0.21543 0.35302 0.43020 0.53815 -0.21614 -0.13006 -0.69457 0.40000 0.61285 0.31126 -0.13818 -0.15130 -0.32458
460 -0.17018 0.33367 0.18744 -0.02834 0.08612 0.26991 0.23018 -0.22391 0.30709 0.39920 0.38382 -0.17764 -0.15747 -0.68010 0.35341 0.63661 0.34642 -0.15151 -0.21302 -0.02680
461 -0.34295 0.32086 0.34162 0.01151 0.10586 0.41969 0.25094 -0.06292 0.27110 0.50089 0.65885 -0.10191 -0.28527 -0.65660 0.27230 0.71833 0.21398 -0.15181 -0.19072 -0.09105
462 -0.20319 0.33274 0.10166 -0.02560 0.13351 0.24607 0.11434 -0.14363 0.27530 0.43424 0.58975 -0.07178 -0.33785 -0.63519 0.29448 0.71947 0.18221 -0.17912 -0.18527 -0.06685
463 -0.49461 0.30596 0.34202 0.05584 0.07663 0.35128 0.19715 0.17124 0.34068 0.45618 0.78735 -0.11173 -0.48930 -0.52487 0.25996 0.66735 0.17335 -0.12758 -0.13575 -0.15640
464 -0.23238 0.23231 0.22173 0.01606 0.03162 0.15649 0.23350 -0.16871 0.35697 0.38748 0.44826 -0.15984 -0.23225 -0.71399 0.25988 0.72358 0.29126 -0.15768 -0.20397 -0.10998
465 -0.35325 0.40137 0.40091 0.03051 0.09464 0.32984 0.26999 -0.07130 0.30504 0.49563 0.59403 -0.21635 -0.43358 -0.77186 0.28527 0.75130 0.20014 -0.10732 -0.16150 -0.17369
466 -0.67661 0.18857 0.62041 0.31626 -0.19733 0.40401 0.39476 0.35996 0.34838 0.57637 0.91429 0.01927 -0.66456 -0.25789 0.13399 0.56571 -0.02965 0.06570 0.00489 -0.25855
467 -0.16660 0.24204 0.34198 -0.18001 0.14955 0.32856 0.20560 -0.07754 0.25136 0.44316 0.48439 -0.25339 -0.21452 -0.56310 0.28681 0.58082 0.15583 -0.07892 -0.10531 -0.26591
468 -0.32909 0.17320 0.29900 -0.24456 0.29577 0.37663 0.18427 -0.09211 0.18000 0.47443 0.66086 -0.02702 -0.34195 -0.61988 0.28306 0.70691 0.11251 0.00515 -0.04282 -0.34935
469 -0.21605 0.28612 0.31391 -0.02845 0.11766 0.32862 0.27309 -0.09434 0.32204 0.46368 0.51636 -0.16055 -0.24134 -0.71458 0.31899 0.70069 0.32790 -0.17679 -0.17852 -0.10598
470 -0.40646 0.31072 0.32509 -0.01364 0.22064 0.41504 0.24150 -0.08749 0.18552 0.59884 0.64388 -0.15759 -0.37250 -0.62978 0.21568 0.73792 -0.03415 -0.16624 -0.08339 -0.12897
471 0.72506 0.28702 -0.09951 -0.10923 0.22301 -0.36365 -0.22804 0.34489 0.71733 0.10382 -0.48893 0.18808 0.57967 -0.18568 0.23102 -0.04764 0.38639 -0.28973 -0.15427 0.65621
472 0.62927 0.37203 -0.11035 -0.23280 0.13193 -0.25889 -0.17299 0.32771 0.53456 0.08461 -0.38736 -0.06451 0.58088 -0.44563 0.13069 -0.03693 0.43522 -0.33873 -0.12772 0.52569
473 0.58828 0.36106 -0.07619 -0.15424 0.07304 -0.22918 -0.14698 0.31975 0.49756 0.06506 -0.30025 0.05492 0.51531 -0.28732 0.07773 -0.12211 0.31892 -0.27788 -0.14820 0.43672
